(((((1,(2,3)),(4,5)),(12,13)),((16,17),15)),(((8,(9,(10,11))),((18,19),(20,(6,7)))),14));
(((((1,(2,3)),(4,5)),((9,(10,11)),(12,13))),((16,17),15)),(((18,19),(20,(6,7))),(8,14)));
((((16,17),15),((((6,7),((8,(4,5)),(9,(10,11)))),(12,13)),1)),((2,3),(((18,19),20),14)));
((((1,(2,3)),(4,5)),(((16,17),((8,14),15)),(12,13))),(((6,7),(9,(10,11))),((18,19),20)));
(((((2,3),(4,5)),((12,13),1)),((16,17),(14,15))),((8,(9,(10,11))),((18,19),(20,(6,7)))));
((((1,(2,3)),4),(15,((16,17),((8,(9,(10,11))),(12,13))))),(((18,19),(20,(6,(7,5)))),14));
(((((2,3),(4,5)),(((8,(9,(10,11))),(12,13)),1)),((16,17),15)),(((18,19),(20,(6,7))),14));
((((2,3),(((9,(10,11)),(12,13)),1)),((16,17),15)),(((18,19),(20,(6,(7,5)))),((8,4),14)));
(((16,17),(((8,4),14),15)),(((2,3),((12,13),1)),((9,(10,11)),((18,19),(20,(6,(7,5)))))));
((((16,17),(14,15)),(12,13)),(((1,(2,3)),(4,5)),(((6,7),(8,(9,(10,11)))),((18,19),20))));
