(((10,11),(((1,(2,3)),4),(14,15))),((((5,6),7),(8,9)),((((18,19),20),(12,13)),(16,17))));
(((((1,3),(2,4)),(10,11)),(14,15)),(((5,6),(8,9)),(((((18,19),7),20),(12,13)),(16,17))));
(((10,11),(((1,(2,3)),4),14)),(((5,6),(8,9)),((((((18,(12,19)),7),20),15),13),(16,17))));
(((4,(10,11)),((1,(2,3)),14)),((((5,6),7),(8,9)),(((((18,(12,19)),20),15),13),(16,17))));
((((1,4),((10,11),(2,3))),(14,15)),(((5,6),(8,9)),(((((18,19),7),20),(12,13)),(16,17))));
((((1,(2,4)),(((10,11),13),3)),(14,15)),(((5,6),(8,9)),((((18,(12,19)),7),20),(16,17))));
((((2,4),((10,11),3)),(1,14)),(((5,6),(8,9)),((((((18,19),7),20),15),(12,13)),(16,17))));
((((2,4),((((5,6),(8,9)),((10,11),(12,13))),3)),(1,(14,15))),((((18,19),7),20),(16,17)));
((((1,(2,4)),((10,11),3)),14),((((5,6),7),(8,9)),(((((18,(12,19)),20),15),13),(16,17))));
(((((5,6),(8,9)),((10,11),13)),(((1,3),(2,4)),14)),(((((18,(12,19)),7),20),15),(16,17)));
