(((1,(6,7)),((8,9),2)),(((((12,(13,14)),11),(5,15)),((10,18),(3,4))),((16,17),(20,19))));
(((1,(6,7)),((8,9),2)),(((((12,(13,14)),11),(5,15)),((10,18),(3,4))),(19,((16,17),20))));
((((1,2),(5,(6,7))),(8,9)),(((((10,((12,(13,14)),11)),15),(16,17)),(18,(3,4))),(20,19)));
(((1,(5,(6,7))),((8,9),2)),((((10,((12,(13,14)),11)),15),(18,(3,4))),(19,((16,17),20))));
((((1,2),7),(8,9)),((((((12,((13,14),6)),11),(5,15)),(16,17)),((10,18),(3,4))),(20,19)));
(((1,7),((8,9),2)),((((10,((12,((13,14),6)),11)),(5,15)),(18,(3,4))),((16,17),(20,19))));
((((1,(3,4)),(6,7)),((8,9),2)),(((((10,((12,(13,14)),11)),(5,15)),(16,17)),18),(20,19)));
(((1,(5,(6,7))),((8,9),2)),(((((10,((12,(13,14)),11)),15),(16,17)),(18,(3,4))),(20,19)));
(((1,(5,(6,7))),((8,9),2)),(((((12,(13,14)),11),15),((10,18),(3,4))),((16,17),(20,19))));
(((1,(6,7)),((8,9),2)),((((10,((12,(13,14)),11)),(5,15)),(18,(3,4))),(19,((16,17),20))));
