((10,(9,((1,(((2,((3,4),5)),(6,7)),8)),(11,12)))),(14,((((17,18),19),(15,16)),(13,20))));
((9,10),(14,(((1,(((2,((3,4),5)),(6,7)),8)),(11,(12,13))),((((17,18),19),(15,16)),20))));
((10,(9,((1,(((2,((3,4),5)),7),8)),(11,12)))),((14,((15,16),6)),(((17,18),19),(13,20))));
(((1,(((2,((3,4),5)),(6,7)),8)),((9,10),(11,12))),(14,((((17,18),19),(15,16)),(13,20))));
(((1,(((2,((3,4),5)),(6,7)),8)),(10,(9,(11,(12,13))))),((14,(15,16)),(((17,18),19),20)));
(10,(14,((9,((1,(((2,((3,4),5)),7),8)),(11,12))),((((17,18),19),((15,16),6)),(13,20)))));
(((1,(((2,((3,4),5)),7),8)),10),(14,((9,(11,12)),((((17,18),19),((15,16),6)),(13,20)))));
(10,((14,((15,16),6)),((9,((1,(((2,((3,4),5)),7),8)),(11,12))),(((17,18),19),(13,20)))));
((9,10),((14,((15,16),6)),(((1,(((2,((3,4),5)),7),8)),(11,12)),(((17,18),19),(13,20)))));
(((9,10),((1,(((2,((3,4),5)),(6,7)),8)),(11,12))),((14,(15,16)),(((17,18),19),(13,20))));
