(((((1,(2,3)),4),(9,(10,(6,11)))),((5,8),15)),(((14,(16,17)),18),((7,(19,20)),(12,13))));
(((((1,(2,3)),4),((5,(7,8)),((6,11),(12,13)))),(15,10)),(((14,(16,17)),(9,18)),(19,20)));
(((((2,3),4),(9,(6,11))),((5,(8,1)),((14,15),10))),(((16,17),18),((7,(19,20)),(12,13))));
((((1,(2,3)),((6,11),(12,13))),(((4,5),8),((14,15),10))),(((16,17),(9,18)),(7,(19,20))));
((((1,(2,3)),(((4,5),8),((9,(10,(6,11))),(12,13)))),(14,15)),(((16,17),18),(7,(19,20))));
((((1,(2,3)),(9,(10,11))),(((4,5),((6,7),8)),15)),(((14,(16,17)),18),((19,20),(12,13))));
((((1,(2,3)),(8,((9,(10,11)),(12,13)))),(14,15)),((((16,17),18),(4,5)),((6,7),(19,20))));
((((2,3),(((6,7),(8,1)),((9,11),(12,13)))),((14,15),10)),((((16,17),18),(4,5)),(19,20)));
(((((2,3),4),((10,(6,11)),(12,13))),((7,(8,1)),(14,15))),((((16,17),(9,18)),5),(19,20)));
(((((2,3),4),((8,1),((9,(10,(6,11))),(12,13)))),(14,15)),((((16,17),18),5),(7,(19,20))));
