(((12,13),(1,2)),((3,((4,(5,((6,7),(8,(9,10))))),11)),(15,(16,((14,(17,18)),(19,20))))));
((((1,2),3),(12,13)),(((4,(5,((6,7),(8,(9,10))))),11),(15,(16,((14,(17,18)),(19,20))))));
(((12,(13,14)),(1,2)),((3,(4,(5,((6,7),(8,(9,10)))))),(15,((11,16),((17,18),(19,20))))));
((((1,2),3),(12,13)),((4,(5,((6,7),(8,(9,10))))),(15,((11,16),((14,(17,18)),(19,20))))));
((3,((12,(13,14)),(1,2))),(((4,(5,((6,7),(8,(9,10))))),11),(15,(16,((17,18),(19,20))))));
((3,((12,13),(1,2))),(((4,(5,((6,7),(8,(9,10))))),11),(15,(16,((14,(17,18)),(19,20))))));
(((12,13),(1,2)),(3,((4,(5,((6,7),(8,(9,10))))),(15,((11,16),((14,(17,18)),(19,20)))))));
((3,((12,13),(1,2))),((4,(5,((6,7),(8,(9,10))))),(15,((11,16),((14,(17,18)),(19,20))))));
((12,13),(((1,2),3),(((4,(5,((6,7),(8,(9,10))))),11),(15,(16,((14,(17,18)),(19,20)))))));
((12,(13,14)),((((1,2),3),((4,(5,((6,7),(8,(9,10))))),11)),(15,(16,((17,18),(19,20))))));
