(((((1,(3,((2,4),5))),6),(9,10)),((11,(12,13)),(15,16))),((8,7),((14,(17,(18,19))),20)));
((((1,((2,4),5)),(6,7)),(9,10)),((8,((17,(18,19)),(3,20))),(((11,(12,13)),14),(15,16))));
((((((1,2),(3,(4,5))),6),10),((11,(12,13)),((9,15),16))),((8,7),((14,(17,(18,19))),20)));
(((((1,2),(4,5)),(6,7)),(9,10)),((8,((17,(18,19)),(3,20))),(((11,(12,13)),14),(15,16))));
((((((1,2),(3,(4,5))),6),((8,7),(9,10))),(((11,(12,13)),14),(15,16))),((17,(18,19)),20));
(((((1,(3,((2,4),5))),(6,7)),(8,10)),((11,(12,13)),((9,15),16))),((14,(17,(18,19))),20));
(((((1,2),(4,5)),(6,7)),(9,10)),((8,((14,(17,(18,19))),(3,20))),((11,(12,13)),(15,16))));
(((((1,((2,4),5)),(6,7)),(8,10)),((11,(12,13)),((9,15),16))),((14,(17,(18,19))),(3,20)));
((((1,(3,((2,4),5))),(6,7)),10),((8,((17,(18,19)),20)),(((11,(12,13)),14),((9,15),16))));
(((((1,2),(4,5)),(6,7)),(8,(9,10))),(((14,(17,(18,19))),(3,20)),((11,(12,13)),(15,16))));
