((((1,(((2,((3,4),5)),(6,7)),8)),11),(((12,(13,15)),(9,10)),18)),(((19,20),14),(16,17)));
((((1,((((3,4),5),((6,2),7)),(8,(9,10)))),11),((12,((13,14),15)),18)),((19,20),(16,17)));
(((((((3,4),5),((6,2),7)),(8,(9,10))),11),(((12,(13,15)),1),((16,17),18))),((19,20),14));
((((((2,((3,4),5)),(6,7)),(8,(9,10))),11),(((12,((13,14),15)),1),((16,17),18))),(19,20));
((((1,(((2,((3,4),5)),(6,7)),8)),11),(((12,((13,14),15)),(9,10)),18)),((19,20),(16,17)));
((((1,(((2,((3,4),5)),(6,7)),(8,(9,10)))),11),((12,((13,14),15)),((16,17),18))),(19,20));
(((((((3,4),5),((6,2),7)),8),11),((((12,(13,15)),1),(9,10)),((16,17),18))),((19,20),14));
((((((2,((3,4),5)),(6,7)),(8,(9,10))),11),(((12,((13,14),15)),1),18)),((19,20),(16,17)));
((((((2,((3,4),5)),(6,7)),8),11),((((12,(13,15)),1),(9,10)),((16,17),18))),((19,20),14));
((((((2,((3,4),5)),(6,7)),8),11),((((12,((13,14),15)),1),(9,10)),18)),((19,20),(16,17)));
