(((1,(4,5)),(3,6)),(((((7,8),(9,10)),(11,12)),(13,14)),((2,15),((((16,17),18),19),20))));
((1,(3,6)),(((((7,8),(9,10)),(11,12)),(13,14)),(15,((((16,17),((2,(4,5)),18)),19),20))));
((1,6),(((((7,8),(9,10)),(11,12)),(13,14)),((2,15),(((16,17),((3,(4,5)),18)),(19,20)))));
((1,6),(((((7,8),(9,10)),(11,12)),(13,14)),(15,(((16,17),((2,(3,(4,5))),18)),(19,20)))));
(((1,(3,(4,5))),6),((((9,10),(11,12)),(13,14)),((2,15),((((16,17),18),(19,(7,8))),20))));
((1,6),((((9,10),(11,12)),(13,14)),((2,15),(((16,17),((3,(4,5)),18)),((19,(7,8)),20)))));
((1,6),(((((7,8),(9,10)),(11,12)),(13,14)),((2,15),((((16,17),((3,(4,5)),18)),19),20))));
(((1,(3,(4,5))),6),(((((7,8),(9,10)),(11,12)),(13,14)),((2,15),(((16,17),18),(19,20)))));
((1,(3,6)),((((9,10),(11,12)),(13,14)),(15,(((16,17),((2,(4,5)),18)),((19,(7,8)),20)))));
((1,6),((((9,10),(11,12)),(13,14)),(15,(((16,17),((2,(3,(4,5))),18)),((19,(7,8)),20)))));
