(((((3,((1,4),5)),(6,(7,8))),(9,((10,11),12))),((13,2),((14,15),((16,17),(18,19))))),20);
((((((1,3),(4,5)),(6,(7,8))),(9,((10,11),12))),((13,2),((14,15),((16,17),(18,19))))),20);
(((((((1,2),3),4),(6,8)),((7,9),((10,11),12))),(13,((14,15),((16,17),(18,19))))),(20,5));
(((((3,(1,4)),(6,8)),((7,9),((10,11),12))),((13,2),((14,15),((16,17),(18,19))))),(20,5));
(((((((1,2),3),(4,5)),(6,8)),((7,9),((10,11),12))),(13,((14,15),((16,17),(18,19))))),20);
((((((1,3),(4,5)),(6,8)),((7,9),((10,11),12))),((13,2),((14,15),((16,17),(18,19))))),20);
(((((3,(1,4)),(6,(7,8))),(9,((10,11),12))),((13,2),((14,15),((16,17),(18,19))))),(20,5));
((((((1,3),4),(6,(7,8))),(9,((10,11),12))),((13,2),((14,15),((16,17),(18,19))))),(20,5));
(((((((1,2),3),(4,5)),(6,(7,8))),(9,((10,11),12))),(13,((14,15),((16,17),(18,19))))),20);
(((((3,((1,2),4)),(6,(7,8))),(9,((10,11),12))),(13,((14,15),((16,17),(18,19))))),(20,5));
