((((((1,2),(3,((4,5),6))),(((7,9),(10,11)),(12,13))),14),((15,8),((16,17),18))),(19,20));
((((((1,2),(3,((4,5),6))),(7,10)),(12,13)),((15,8),((9,((16,17),18)),14))),(11,(19,20)));
(((3,((4,5),6)),(((((7,8),9),((10,11),(1,2))),(12,13)),(15,(((16,17),18),14)))),(19,20));
((((1,2),(3,((4,5),6))),(((((7,8),10),(12,13)),14),(15,(9,((16,17),18))))),(11,(19,20)));
(((((((1,2),(3,((4,5),6))),((7,8),(10,11))),14),(12,13)),(15,(9,((16,17),18)))),(19,20));
((((((1,2),(3,((4,5),6))),(7,(10,11))),(12,13)),((15,8),((9,((16,17),18)),14))),(19,20));
(((((((4,5),6),(7,((3,10),(1,2)))),14),(12,13)),((15,8),(9,((16,17),18)))),(11,(19,20)));
(((3,((4,5),6)),((((((7,8),9),(10,(1,2))),14),(12,13)),(15,((16,17),18)))),(11,(19,20)));
((((4,5),6),((((7,((3,(10,11)),(1,2))),(12,13)),14),((15,8),(9,((16,17),18))))),(19,20));
(((3,((4,5),6)),((((7,8),((10,11),(1,2))),(12,13)),(15,((9,((16,17),18)),14)))),(19,20));
