((8,((14,((6,15),16)),(17,18))),((9,10),(((((11,12),13),19),(20,4)),((1,(2,3)),(5,7)))));
((((1,((5,6),7)),8),((14,((15,3),16)),((17,18),2))),((10,(9,((11,12),13))),(19,(20,4))));
(((((1,((2,3),4)),((5,6),7)),8),((14,(15,16)),(17,18))),((10,(9,((11,12),13))),(19,20)));
(((((1,(5,7)),8),10),(((9,((11,12),13)),19),20)),((((6,15),((2,3),4)),(14,16)),(17,18)));
((((((1,(2,3)),(5,7)),8),((9,10),((11,12),13))),((14,((6,15),16)),(17,18))),(19,(20,4)));
(((((1,(5,7)),8),(9,10)),((((11,12),13),19),(20,4))),((((6,15),(2,3)),(14,16)),(17,18)));
((((1,(5,7)),8),((10,(9,((11,12),13))),(19,20))),((14,(((6,15),((2,3),4)),16)),(17,18)));
((((1,(5,7)),8),((14,(((6,15),(3,4)),16)),((17,18),2))),((10,(9,((11,12),13))),(19,20)));
(((((1,(5,7)),8),(9,10)),((((6,15),(3,4)),(14,16)),((17,18),2))),((((11,12),13),19),20));
((((1,((5,6),7)),8),((10,(9,((11,12),13))),(19,20))),((14,((15,(3,4)),16)),((17,18),2)));
