((((((1,2),(3,4)),9),(10,11)),(((5,(6,(7,8))),(17,18)),(19,20))),(14,((12,13),(15,16))));
(10,(((11,14),((12,13),(5,((15,(7,8)),16)))),(((17,18),(19,20)),(((1,2),(3,4)),(6,9)))));
(((((1,2),(3,4)),((5,6),9)),(10,11)),((14,((12,13),((15,(7,8)),16))),((17,18),(19,20))));
((((3,4),9),(10,(1,2))),(((11,14),((12,13),(15,16))),(((5,(6,(7,8))),(17,18)),(19,20))));
((10,(((17,18),(19,20)),(((1,2),(3,4)),((5,6),9)))),((11,14),((12,13),((15,(7,8)),16))));
((((3,4),((6,(7,8)),9)),(((10,(1,2)),11),(12,13))),((14,(5,(15,16))),((17,18),(19,20))));
(((((1,2),(3,4)),9),(10,(12,13))),(((11,14),(5,((15,(7,8)),16))),((6,(17,18)),(19,20))));
((((10,(1,2)),11),(12,13)),((14,(5,((15,(7,8)),16))),(((6,(17,18)),(19,20)),((3,4),9))));
(((((1,2),(3,4)),9),((10,11),(12,13))),((14,(5,((15,(7,8)),16))),((6,(17,18)),(19,20))));
((10,(1,2)),(((11,14),((12,13),(5,(15,16)))),((((6,(7,8)),(17,18)),(19,20)),((3,4),9))));
