((((((1,2),3),4),(((5,6),(7,8)),((9,10),(12,((13,14),(15,16)))))),17),((18,19),(20,11)));
((((((1,2),3),18),(19,(15,16))),((4,((5,6),(9,(10,(11,(12,(13,14))))))),17)),(20,(7,8)));
(((18,19),(((((1,2),3),4),(((5,6),(7,8)),(9,(10,(11,(12,((13,14),(15,16)))))))),17)),20);
(((((((1,2),3),4),(((5,6),(7,8)),((9,10),(12,((13,14),(15,16)))))),(18,19)),17),(20,11));
((18,(((((1,2),3),4),((5,6),((9,10),(11,(12,((13,14),(15,16))))))),17)),(19,(20,(7,8))));
((((((1,2),3),4),(((5,6),8),(9,(10,(12,(13,14)))))),17),((18,(19,(15,16))),(20,(7,11))));
((((4,(((5,6),(7,8)),(9,(10,(12,((13,14),(15,16))))))),(((1,2),3),18)),17),(19,(20,11)));
((((((1,2),3),4),((5,6),((9,10),(11,(12,(13,14)))))),17),(18,((19,(15,16)),(20,(7,8)))));
(((((1,2),3),18),((4,((5,6),((9,10),(12,(13,14))))),17)),((19,(15,16)),((20,8),(7,11))));
(((((((1,2),3),4),(((5,6),(7,8)),((9,10),(11,(12,((13,14),(15,16))))))),18),17),(19,20));
