((((10,11),(9,(4,(5,6)))),((12,13),7)),(((15,(16,17)),14),((((3,2),8),((18,19),20)),1)));
(((10,11),(9,((4,(5,6)),8))),(((15,(16,17)),14),((((18,19),20),(1,(3,2))),((12,13),7))));
((((10,11),(1,(9,((4,(5,6)),((3,2),(7,8)))))),(12,13)),(((15,(16,17)),14),((18,19),20)));
((((10,11),(9,((4,(5,6)),8))),((12,13),7)),(((15,(16,17)),14),(((18,19),20),(1,(3,2)))));
((((10,11),(1,(9,(4,(5,6))))),(12,13)),(((15,(16,17)),14),(((3,2),(7,8)),((18,19),20))));
(((10,11),(9,((4,(5,6)),((3,2),8)))),(((15,(16,17)),14),((((18,19),20),1),((12,13),7))));
((((10,11),((1,(3,2)),(9,(4,(5,6))))),((12,13),7)),(((15,(16,17)),14),(8,((18,19),20))));
((((10,11),(9,(4,(5,6)))),((12,13),7)),(((15,(16,17)),14),((8,((18,19),20)),(1,(3,2)))));
(((10,11),(1,(9,((4,(5,6)),((3,2),(7,8)))))),(((15,(16,17)),14),(((18,19),20),(12,13))));
((((10,11),(9,((4,(5,6)),((3,2),8)))),((12,13),7)),(((15,(16,17)),14),(((18,19),20),1)));
((((10,11),((1,(3,2)),(9,((4,(5,6)),(7,8))))),(12,13)),(((15,(16,17)),14),((18,19),20)));
(((10,11),(1,(9,(4,(5,6))))),(((15,(16,17)),14),((((3,2),(7,8)),((18,19),20)),(12,13))));
(((10,11),(9,(4,(5,6)))),(((15,(16,17)),14),(((((3,2),(7,8)),((18,19),20)),1),(12,13))));
(((10,11),(1,(9,(4,(5,6))))),(((15,(16,17)),14),((((3,2),8),((18,19),20)),((12,13),7))));
(((10,11),((1,(3,2)),(9,((4,(5,6)),(7,8))))),(((15,(16,17)),14),(((18,19),20),(12,13))));
(((10,11),((1,(3,2)),(9,(4,(5,6))))),(((15,(16,17)),14),(((7,8),((18,19),20)),(12,13))));
((((10,11),(9,((4,(5,6)),(7,8)))),(12,13)),(((15,(16,17)),14),(((18,19),20),(1,(3,2)))));
((((10,11),(9,((4,(5,6)),((3,2),(7,8))))),(12,13)),(((15,(16,17)),14),(((18,19),20),1)));
(((10,11),(9,(4,(5,6)))),(((15,(16,17)),14),(((((3,2),8),((18,19),20)),1),((12,13),7))));
(((10,11),(9,(4,(5,6)))),(((15,(16,17)),14),(((8,((18,19),20)),(1,(3,2))),((12,13),7))));
