((((2,3),((((4,5),6),7),(12,13))),(14,15)),((20,(18,19)),(16,(17,((1,8),((9,10),11))))));
(((((1,(2,3)),((((4,5),6),7),(12,13))),(14,15)),(20,(18,19))),(16,(17,(8,((9,10),11)))));
(((((2,3),((((4,5),6),7),(12,13))),14),((20,(18,19)),15)),(16,(17,((1,8),((9,10),11)))));
((((1,(2,3)),((((4,5),6),(7,(8,((9,10),11)))),(12,13))),(14,15)),((20,(18,19)),(16,17)));
((((1,(2,3)),((((4,5),6),(7,(8,((9,10),11)))),(12,13))),14),(((20,(18,19)),15),(16,17)));
((((2,3),((((4,5),6),(7,((1,8),((9,10),11)))),(12,13))),14),(((20,(18,19)),15),(16,17)));
(((((1,(2,3)),((((4,5),6),(7,(8,((9,10),11)))),(12,13))),(14,15)),(20,(18,19))),(16,17));
((((2,3),((((4,5),6),7),(12,13))),14),(((20,(18,19)),15),(16,(17,((1,8),((9,10),11))))));
((((1,(2,3)),((((4,5),6),7),(12,13))),14),(((20,(18,19)),15),(16,(17,(8,((9,10),11))))));
(((((1,(2,3)),((((4,5),6),(7,(8,((9,10),11)))),(12,13))),14),((20,(18,19)),15)),(16,17));
((((1,(2,3)),((((4,5),6),7),(12,13))),(14,15)),((20,(18,19)),(16,(17,(8,((9,10),11))))));
((((2,3),((((4,5),6),(7,((1,8),((9,10),11)))),(12,13))),(14,15)),((20,(18,19)),(16,17)));
(((((2,3),((((4,5),6),(7,((1,8),((9,10),11)))),(12,13))),(14,15)),(20,(18,19))),(16,17));
(((((2,3),((((4,5),6),(7,((1,8),((9,10),11)))),(12,13))),14),((20,(18,19)),15)),(16,17));
(((((2,3),((((4,5),6),7),(12,13))),(14,15)),(20,(18,19))),(16,(17,((1,8),((9,10),11)))));
(((((1,(2,3)),((((4,5),6),7),(12,13))),14),((20,(18,19)),15)),(16,(17,(8,((9,10),11)))));
