((1,(5,(6,7))),((((((9,10),(11,(2,3))),(4,13)),(14,15)),12),((16,8),((17,18),(19,20)))));
((1,(4,(5,(6,7)))),((((((9,10),(11,(2,3))),(12,13)),(14,15)),(18,(19,20))),((16,8),17)));
((1,(5,(6,7))),(((((((9,10),(11,(2,3))),(4,13)),(14,15)),12),(18,(19,20))),((16,8),17)));
((1,(5,((6,7),8))),((((((9,10),(11,2)),(12,(4,13))),(14,15)),((17,18),((19,3),20))),16));
(((1,(2,3)),5),(((((9,10),11),(12,(4,13))),(14,15)),((16,17),((((6,7),8),18),(19,20)))));
((1,5),(((((9,10),(11,2)),(12,(4,13))),(14,15)),((16,17),((((6,7),8),18),((19,3),20)))));
((1,(4,(5,(6,7)))),(((((((9,10),(11,(2,3))),13),(14,15)),12),((17,18),(19,20))),(16,8)));
(((1,(2,3)),(4,(5,((6,7),8)))),(((((9,10),11),(12,13)),(14,15)),((16,17),(18,(19,20)))));
((1,5),(((((((9,10),(11,(2,3))),(4,13)),(14,15)),12),((((6,7),8),18),(19,20))),(16,17)));
(((1,2),(4,5)),((((((9,10),11),(12,13)),(14,15)),(((6,7),(17,18)),((19,3),20))),(16,8)));
((1,(4,(5,(6,7)))),(((((9,10),(11,2)),(12,13)),(14,15)),((16,8),((17,18),((19,3),20)))));
(((1,(2,3)),(4,(5,(6,7)))),(((((9,10),11),(12,13)),(14,15)),(((16,8),17),(18,(19,20)))));
(((1,(2,3)),(4,(5,(6,7)))),(((((((9,10),11),13),(14,15)),12),(18,(19,20))),((16,8),17)));
(((1,(2,3)),5),(((((((9,10),11),(4,13)),(14,15)),12),(((6,7),18),(19,20))),((16,8),17)));
(((1,(2,3)),5),(((((9,10),11),(12,(4,13))),(14,15)),(16,((((6,7),8),(17,18)),(19,20)))));
(((1,2),(4,(5,((6,7),8)))),(((((((9,10),11),13),(14,15)),12),((17,18),((19,3),20))),16));
(((1,(2,3)),(4,(5,(6,7)))),(((((9,10),11),(12,13)),(14,15)),((16,8),((17,18),(19,20)))));
(((1,(2,3)),5),(((((((9,10),11),(4,13)),(14,15)),12),((((6,7),8),18),(19,20))),(16,17)));
((1,(5,(6,7))),((((((9,10),(11,2)),(4,13)),(14,15)),12),((16,8),((17,18),((19,3),20)))));
(((1,2),(4,5)),((((((9,10),11),13),(14,15)),12),((16,17),((((6,7),8),18),((19,3),20)))));
