(((4,((((6,7),(8,9)),(11,12)),((1,2),3))),(17,((19,18),(((13,14),15),(10,16))))),(5,20));
(((4,(((5,((6,7),(8,9))),(10,(11,12))),((1,2),3))),(17,((19,18),(((13,14),15),16)))),20);
((((((1,2),3),4),((8,9),(11,12))),((17,(6,7)),(18,(19,(((13,14),15),(10,16)))))),(5,20));
((((((1,2),3),4),((5,(8,9)),(11,12))),((17,(6,7)),(18,(19,(((13,14),15),(10,16)))))),20);
(((4,((((5,(8,(9,3))),(11,12)),(1,2)),(((13,14),15),(10,16)))),((17,(6,7)),(19,18))),20);
(((4,(((5,(8,9)),(11,12)),((1,2),3))),((17,(6,7)),(18,(19,(((13,14),15),(10,16)))))),20);
(((((1,2),4),((8,(9,3)),(10,(11,12)))),((17,(6,7)),(18,(19,(((13,14),15),16))))),(5,20));
((((((1,2),3),4),(((5,(8,9)),(11,12)),(((13,14),15),(10,16)))),((17,(6,7)),(19,18))),20);
(((4,((((5,((6,7),(8,9))),(11,12)),((1,2),3)),(((13,14),15),(10,16)))),(17,(19,18))),20);
(((((1,2),4),((5,((6,7),(8,(9,3)))),(11,12))),(17,((19,18),(((13,14),15),(10,16))))),20);
(((4,(((((6,7),(8,9)),(10,(11,12))),((1,2),3)),(((13,14),15),16))),(17,(19,18))),(5,20));
(((((1,2),4),(((8,(9,3)),(10,(11,12))),(((13,14),15),16))),((17,(6,7)),(19,18))),(5,20));
(((((1,2),4),((((6,7),(8,(9,3))),(10,(11,12))),(((13,14),15),16))),(17,(19,18))),(5,20));
(((4,(((((6,7),(8,(9,3))),(10,(11,12))),(1,2)),(((13,14),15),16))),(17,(19,18))),(5,20));
(((4,(((5,((6,7),(8,(9,3)))),(11,12)),(1,2))),(17,(18,(19,(((13,14),15),(10,16)))))),20);
(((4,(((5,((6,7),(8,9))),(11,12)),((1,2),3))),(17,((19,18),(((13,14),15),(10,16))))),20);
((((((1,2),3),4),(((5,(8,9)),(10,(11,12))),(((13,14),15),16))),((17,(6,7)),(19,18))),20);
(((4,((((5,((6,7),(8,9))),(10,(11,12))),((1,2),3)),(((13,14),15),16))),(17,(19,18))),20);
(((((1,2),4),(((6,7),(8,(9,3))),(11,12))),(17,((19,18),(((13,14),15),(10,16))))),(5,20));
(((4,((((5,((6,7),(8,(9,3)))),(11,12)),(1,2)),(((13,14),15),(10,16)))),(17,(19,18))),20);
