(((2,(4,(7,(8,((3,10),12))))),13),((((6,(1,(17,18))),(5,19)),(11,20)),(14,((15,9),16))));
((((3,4),(7,8)),(13,2)),((11,12),(((6,(1,((14,(15,16)),17))),(18,(5,19))),((9,10),20))));
(((4,(7,(8,(9,(3,10))))),(13,2)),((11,12),((((6,(1,(17,18))),(5,19)),20),(14,(15,16)))));
((((3,4),(7,8)),(13,(1,2))),((((5,6),((14,(15,16)),17)),(18,19)),(((9,10),12),(11,20))));
(((4,(7,(8,((9,(3,10)),12)))),((13,2),(6,(1,(17,18))))),(((5,19),(11,20)),(14,(15,16))));
(((2,(4,((6,7),(8,((9,(3,10)),12))))),13),((((1,(17,18)),(5,19)),(11,20)),(14,(15,16))));
(((4,(7,8)),((13,(1,2)),((5,6),((14,((15,9),16)),17)))),((11,12),((18,19),((3,10),20))));
((((1,2),(4,((6,7),(8,(9,(3,10)))))),13),(12,(((17,(18,(5,19))),(11,20)),(14,(15,16)))));
((((3,4),((6,7),(8,((9,10),(11,12))))),(13,(1,2))),((((14,(15,16)),17),(18,(5,19))),20));
(((4,(((5,6),7),8)),(13,2)),((11,12),(((1,((14,((15,9),16)),17)),(18,19)),((3,10),20))));
((((1,2),((3,4),((6,7),8))),(13,((14,(15,16)),17))),(12,((18,(5,19)),((9,10),(11,20)))));
(((4,(7,(8,(9,(3,10))))),((13,(1,2)),((5,6),((14,(15,16)),17)))),(12,((18,19),(11,20))));
(((4,((6,7),(8,((3,10),12)))),(13,(1,2))),((((14,((15,9),16)),17),(18,(5,19))),(11,20)));
(((4,(7,(8,((9,(3,10)),(11,12))))),((13,2),((5,6),(1,(((14,(15,16)),17),18))))),(19,20));
((((3,4),(((5,6),7),(8,(10,(11,12))))),((13,(1,2)),((14,((15,9),16)),17))),((18,19),20));
((((1,2),((3,4),(7,8))),(13,((5,6),(17,18)))),((11,12),((19,((9,10),20)),(14,(15,16)))));
(((4,((6,7),(8,(3,10)))),(13,2)),(12,(((1,(((14,((15,9),16)),17),18)),(5,19)),(11,20))));
(((4,(((5,6),7),(8,((9,(3,10)),(11,12))))),((13,(1,2)),(17,18))),((19,20),(14,(15,16))));
((((3,4),((6,7),(8,10))),((13,2),(1,17))),((11,12),(((18,(5,19)),20),(14,((15,9),16)))));
((((1,2),((3,4),(((5,6),7),8))),13),((((17,18),19),(((9,10),(11,12)),20)),(14,(15,16))));
