((((((1,(2,3)),((4,5),6)),(7,(8,9))),10),11),((((12,13),(14,(15,16))),17),(18,(19,20))));
(((((1,(2,3)),((4,5),6)),(7,(8,9))),10),((((14,(15,16)),(12,13)),(17,11)),(18,(19,20))));
((((((1,(2,3)),((4,5),6)),9),10),11),(((((14,(15,16)),((8,12),13)),7),17),(18,(19,20))));
(((((1,(2,3)),((4,5),6)),(8,9)),11),(((((14,(15,16)),(12,13)),7),17),((18,(19,20)),10)));
((((1,(2,3)),(8,9)),11),(((((14,(15,16)),(12,13)),7),(17,((4,5),6))),((18,(19,20)),10)));
(((((1,(2,3)),(8,9)),10),11),((((12,13),((14,(15,16)),7)),(17,((4,5),6))),(18,(19,20))));
(((((1,(2,3)),((4,5),6)),(7,9)),11),((((14,(15,16)),((8,12),13)),17),((18,(19,20)),10)));
(((((1,(2,3)),((4,5),6)),(7,9)),10),((((14,(15,16)),((8,12),13)),(17,11)),(18,(19,20))));
((((1,(2,3)),(8,9)),10),(((((14,(15,16)),(12,13)),7),((17,((4,5),6)),11)),(18,(19,20))));
((((1,(2,3)),((4,5),6)),(8,9)),((((12,13),((14,(15,16)),7)),(17,11)),((18,(19,20)),10)));
((((((1,(2,3)),((4,5),6)),(7,(8,9))),10),11),((((14,(15,16)),(12,13)),17),(18,(19,20))));
(((((1,(2,3)),((4,5),6)),(8,9)),10),(((((14,(15,16)),(12,13)),7),(17,11)),(18,(19,20))));
(((((1,(2,3)),((4,5),6)),(7,(8,9))),11),((((14,(15,16)),(12,13)),17),((18,(19,20)),10)));
((((((1,(2,3)),((4,5),6)),(7,9)),10),11),((((14,(15,16)),((8,12),13)),17),(18,(19,20))));
((((1,(2,3)),(8,9)),10),((((12,13),((14,(15,16)),7)),((17,((4,5),6)),11)),(18,(19,20))));
((((1,(2,3)),(7,9)),10),((((14,(15,16)),((8,12),13)),((17,((4,5),6)),11)),(18,(19,20))));
((((1,(2,3)),(7,(8,9))),10),((((12,13),(14,(15,16))),((17,((4,5),6)),11)),(18,(19,20))));
((((1,(2,3)),((4,5),6)),(7,9)),((((14,(15,16)),((8,12),13)),(17,11)),((18,(19,20)),10)));
(((((1,(2,3)),((4,5),6)),(8,9)),10),((((12,13),((14,(15,16)),7)),(17,11)),(18,(19,20))));
(((((1,(2,3)),((4,5),6)),(7,(8,9))),10),((((12,13),(14,(15,16))),(17,11)),(18,(19,20))));
