(((2,((3,4),5)),(6,(7,8))),(((11,12),((13,(((14,(15,16)),1),17)),(18,19))),(20,(9,10))));
((((2,((3,4),5)),(6,(7,8))),(9,10)),(((13,(((14,(15,16)),1),17)),(18,19)),(20,(11,12))));
(((2,((3,4),5)),(6,8)),(((11,12),((13,(((14,(15,16)),1),17)),(18,19))),((7,20),(9,10))));
((((1,2),((3,4),5)),(6,(7,8))),(((13,((14,(15,16)),17)),(18,19)),((20,(11,12)),(9,10))));
((((1,2),((3,4),5)),(6,(7,8))),(((11,12),((13,((14,(15,16)),17)),(18,19))),(20,(9,10))));
(((((1,2),((3,4),5)),(6,8)),(9,10)),(((13,((14,(15,16)),17)),(18,19)),((7,20),(11,12))));
((((1,2),((3,4),5)),(6,8)),(((13,((14,(15,16)),17)),(18,19)),(((7,20),(11,12)),(9,10))));
((((2,((3,4),5)),(6,8)),(9,10)),(((11,12),((13,(((14,(15,16)),1),17)),(18,19))),(7,20)));
((((2,((3,4),5)),(6,(7,8))),(9,10)),(((11,12),((13,(((14,(15,16)),1),17)),(18,19))),20));
(((((1,2),((3,4),5)),(6,8)),(9,10)),(((11,12),((13,((14,(15,16)),17)),(18,19))),(7,20)));
(((((1,2),((3,4),5)),(6,(7,8))),(9,10)),(((13,((14,(15,16)),17)),(18,19)),(20,(11,12))));
((((1,2),((3,4),5)),(6,8)),(((11,12),((13,((14,(15,16)),17)),(18,19))),((7,20),(9,10))));
(((2,((3,4),5)),(6,8)),(((13,(((14,(15,16)),1),17)),(18,19)),(((7,20),(11,12)),(9,10))));
(((((1,2),((3,4),5)),(6,(7,8))),(9,10)),(((11,12),((13,((14,(15,16)),17)),(18,19))),20));
((((2,((3,4),5)),(6,8)),(9,10)),(((13,(((14,(15,16)),1),17)),(18,19)),((7,20),(11,12))));
