(((11,(12,((((13,14),15),7),16))),(1,2)),((((((3,(4,5)),6),8),9),10),(17,((18,19),20))));
((((((((((3,(4,5)),6),7),8),9),10),11),(12,(((13,14),15),16))),2),((17,((18,19),20)),1));
((((((((((3,(4,5)),6),7),8),9),10),11),(12,(((13,14),15),16))),(1,2)),(17,((18,19),20)));
(((((((((3,(4,5)),6),8),9),10),11),(12,((((13,14),15),7),16))),(1,2)),(17,((18,19),20)));
(((11,(12,((((13,14),15),7),(16,10)))),2),(((((3,(4,5)),6),8),9),((17,((18,19),20)),1)));
(((11,(12,(((13,14),15),16))),2),(((((((3,(4,5)),6),7),8),9),10),((17,((18,19),20)),1)));
(((((((((3,(4,5)),6),7),8),9),11),(12,(((13,14),15),(16,10)))),(1,2)),(17,((18,19),20)));
(((11,(12,((((13,14),15),7),(16,10)))),(1,2)),(((((3,(4,5)),6),8),9),(17,((18,19),20))));
(((11,(12,(((13,14),15),(16,10)))),2),((((((3,(4,5)),6),7),8),9),((17,((18,19),20)),1)));
((((((((3,(4,5)),6),8),9),11),(12,((((13,14),15),7),(16,10)))),(1,2)),(17,((18,19),20)));
((((((((3,(4,5)),6),8),9),11),(12,((((13,14),15),7),(16,10)))),2),((17,((18,19),20)),1));
(((((((((3,(4,5)),6),8),9),10),11),(12,((((13,14),15),7),16))),2),((17,((18,19),20)),1));
(((11,(12,((((13,14),15),7),16))),2),((((((3,(4,5)),6),8),9),10),((17,((18,19),20)),1)));
(((((((((3,(4,5)),6),7),8),9),11),(12,(((13,14),15),(16,10)))),2),((17,((18,19),20)),1));
(((11,(12,(((13,14),15),16))),(1,2)),(((((((3,(4,5)),6),7),8),9),10),(17,((18,19),20))));
(((11,(12,(((13,14),15),(16,10)))),(1,2)),((((((3,(4,5)),6),7),8),9),(17,((18,19),20))));
