((7,((12,13),(4,(14,15)))),(((8,9),((16,17),(18,(19,20)))),(((1,(2,3)),(5,6)),(10,11))));
((7,((12,13),(14,15))),(((16,17),(18,(19,20))),((((1,(2,3)),4),(5,6)),(((8,9),10),11))));
(((6,(12,13)),(14,15)),(((16,17),(18,(19,20))),((((1,(2,3)),4),5),(7,(((8,9),10),11)))));
(((6,(12,13)),(4,(14,15))),(((8,9),((16,17),(18,(19,20)))),(5,(7,((10,(1,(2,3))),11)))));
((6,(12,13)),((14,15),(((8,9),((16,17),(18,(19,20)))),(5,(7,((10,((1,(2,3)),4)),11))))));
((6,(12,13)),((14,15),(((8,9),((11,(16,17)),(18,(19,20)))),(5,(7,(10,((1,(2,3)),4)))))));
((7,(12,13)),((14,15),(((8,9),((16,17),(18,(19,20)))),((5,6),((10,((1,(2,3)),4)),11)))));
(((5,(7,((10,((1,(2,3)),4)),11))),((6,(12,13)),(14,15))),((8,9),((16,17),(18,(19,20)))));
(((((1,(2,3)),5),((8,9),10)),(7,(6,(12,13)))),((4,(14,15)),((11,(16,17)),(18,(19,20)))));
(((((1,(2,3)),5),(7,(((8,9),10),11))),((6,(12,13)),(4,(14,15)))),((16,17),(18,(19,20))));
((7,((6,(12,13)),(14,15))),(((16,17),(18,(19,20))),((((1,(2,3)),4),5),(((8,9),10),11))));
((((1,(2,3)),5),(10,11)),((7,(6,(12,13))),((4,(14,15)),((8,9),((16,17),(18,(19,20)))))));
(((((1,(2,3)),4),(5,6)),(7,((8,9),10))),(((12,13),(14,15)),((11,(16,17)),(18,(19,20)))));
((6,(12,13)),((4,(14,15)),(((8,9),((11,(16,17)),(18,(19,20)))),(((1,(2,3)),5),(7,10)))));
((((1,(2,3)),(5,6)),(((8,9),10),11)),((7,(12,13)),((4,(14,15)),((16,17),(18,(19,20))))));
(((((1,(2,3)),(5,6)),(7,(10,11))),((12,13),(4,(14,15)))),((8,9),((16,17),(18,(19,20)))));
((((1,(2,3)),(5,6)),(10,11)),((7,(12,13)),((4,(14,15)),((8,9),((16,17),(18,(19,20)))))));
(((((1,(2,3)),5),((8,9),10)),(7,((6,(12,13)),(4,(14,15))))),((11,(16,17)),(18,(19,20))));
(((((1,(2,3)),(5,6)),(7,(((8,9),10),11))),(12,13)),((4,(14,15)),((16,17),(18,(19,20)))));
((6,(12,13)),((4,(14,15)),(((16,17),(18,(19,20))),(((1,(2,3)),5),(7,(((8,9),10),11))))));
