((((1,2),3),((6,8),(((10,11),12),5))),(9,((((13,(14,15)),16),(7,17)),((18,19),(4,20)))));
((((1,2),((6,8),(3,9))),((11,12),5)),((((13,(14,15)),16),(7,17)),(((18,19),10),(4,20))));
(((((1,2),3),9),((6,8),(((10,11),12),5))),((((13,(14,15)),16),(7,17)),((18,19),(4,20))));
((((((1,2),3),4),(((5,6),(7,8)),9)),(11,12)),((((13,(14,15)),16),17),(((18,19),10),20)));
((((1,2),3),(11,12)),((((5,6),(7,8)),9),((((13,(14,15)),16),17),(((18,19),10),(4,20)))));
((((1,2),4),((6,(7,8)),((11,12),5))),((3,9),((((13,(14,15)),16),17),(((18,19),10),20))));
(((((1,2),4),(3,9)),(((5,6),(7,8)),((10,11),12))),((((13,(14,15)),16),17),((18,19),20)));
(((1,2),(((5,6),(7,8)),((10,11),12))),((3,9),((((13,(14,15)),16),17),((18,19),(4,20)))));
(((1,2),((6,8),((11,12),5))),((3,9),((((13,(14,15)),16),(7,17)),(((18,19),10),(4,20)))));
((((((1,2),3),4),((6,8),9)),((11,12),5)),((((13,(14,15)),16),(7,17)),(((18,19),10),20)));
((((1,2),4),((6,8),((11,12),5))),((3,9),((((13,(14,15)),16),(7,17)),(((18,19),10),20))));
((((((1,2),3),4),9),((6,8),((11,12),5))),((((13,(14,15)),16),(7,17)),(((18,19),10),20)));
((((1,2),3),(((10,11),12),5)),(((6,(7,8)),9),((((13,(14,15)),16),17),((18,19),(4,20)))));
(((((1,2),3),4),(((5,6),8),((10,11),12))),(9,((((13,(14,15)),16),(7,17)),((18,19),20))));
(((((1,2),3),9),((6,8),((11,12),5))),((((13,(14,15)),16),(7,17)),(((18,19),10),(4,20))));
((((((1,2),3),4),9),((6,8),(((10,11),12),5))),((((13,(14,15)),16),(7,17)),((18,19),20)));
((((1,2),((6,(7,8)),(3,9))),(((10,11),12),5)),((((13,(14,15)),16),17),((18,19),(4,20))));
((((1,2),3),((10,11),12)),((((5,6),(7,8)),9),((((13,(14,15)),16),17),((18,19),(4,20)))));
(((1,2),((10,11),12)),((((5,6),8),(3,9)),((((13,(14,15)),16),(7,17)),((18,19),(4,20)))));
((((1,2),(3,9)),(((5,6),(7,8)),(11,12))),((((13,(14,15)),16),17),(((18,19),10),(4,20))));
