(5,(((10,11),((4,((9,(12,13)),(14,(15,16)))),((17,18),19))),(((1,(2,3)),20),(6,(7,8)))));
(((1,(2,3)),((4,5),(7,8))),(((10,11),(((9,((12,13),6)),(14,(15,16))),(18,19))),(20,17)));
((5,(6,(7,8))),(((4,((9,(12,13)),(14,(15,16)))),((18,19),(10,11))),((1,(2,3)),(20,17))));
(((4,5),(((18,19),(10,11)),(((1,(2,3)),(20,17)),(6,(7,(8,9)))))),((12,13),(14,(15,16))));
((((1,(2,3)),(5,(6,(7,8)))),(4,((9,(12,13)),(14,(15,16))))),(((18,19),(10,11)),(20,17)));
(((1,(2,3)),5),(((10,11),((4,(((12,13),6),(14,(15,16)))),(18,19))),((20,17),(7,(8,9)))));
(((1,(2,3)),(4,5)),(((10,11),(((12,13),(14,(15,16))),(18,19))),((20,17),(6,(7,(8,9))))));
((((1,(2,3)),(4,5)),(((18,19),(10,11)),((20,17),(7,(8,9))))),(((12,13),6),(14,(15,16))));
((((1,(2,3)),5),(4,((9,((12,13),6)),(14,(15,16))))),(((18,19),(10,11)),((20,17),(7,8))));
(((1,(2,3)),(5,(6,(7,(8,9))))),(((10,11),((4,((12,13),(14,(15,16)))),((17,18),19))),20));
