((((4,(((5,6),7),(8,9))),(((10,(11,12)),(13,14)),((((15,16),17),18),19))),(3,20)),(1,2));
((((((5,6),7),(8,9)),((((11,12),(13,14)),(10,((((15,16),17),18),19))),4)),20),((1,2),3));
(((((5,6),7),(8,9)),((3,20),((((10,(11,12)),(13,14)),((((15,16),17),18),19)),4))),(1,2));
((((4,(((5,6),7),(8,9))),(((11,12),(13,14)),(10,(18,19)))),(3,(20,((15,16),17)))),(1,2));
(((4,(((5,6),7),(8,9))),((3,(20,((15,16),17))),(((11,12),(13,14)),(10,(18,19))))),(1,2));
(((4,(((5,6),7),(8,9))),(20,(((10,(11,12)),(13,14)),((((15,16),17),18),19)))),((1,2),3));
((((4,(((5,6),7),(8,9))),(((10,(11,12)),(13,14)),(18,19))),(3,(20,((15,16),17)))),(1,2));
((((((5,6),7),(8,9)),((((10,(11,12)),(13,14)),(18,19)),4)),(20,((15,16),17))),((1,2),3));
(((4,(((5,6),7),(8,9))),(20,(((11,12),(13,14)),(10,((((15,16),17),18),19))))),((1,2),3));
((((((5,6),7),(8,9)),((((10,(11,12)),(13,14)),((((15,16),17),18),19)),4)),(3,20)),(1,2));
