(((((5,(6,7)),8),(9,10)),(14,15)),(((11,12),13),((((16,(17,18)),(19,20)),4),((1,2),3))));
((((9,10),((((1,2),3),(5,(6,7))),8)),((11,12),(14,15))),(13,(((16,(17,18)),(19,20)),4)));
((((((5,(6,7)),8),(9,10)),((11,12),13)),(14,15)),((((16,(17,18)),(19,20)),4),((1,2),3)));
(((((9,10),((11,12),13)),((((1,2),3),((4,5),(6,7))),8)),(14,15)),((16,(17,18)),(19,20)));
(((((((1,2),3),(5,(6,7))),8),(9,10)),(14,15)),(((11,12),13),(((16,(17,18)),(19,20)),4)));
(((((5,(6,7)),8),(9,10)),((11,12),(14,15))),(13,((((16,(17,18)),(19,20)),4),((1,2),3))));
(((((((1,2),3),((4,5),(6,7))),8),(9,10)),((11,12),(14,15))),(13,((16,(17,18)),(19,20))));
((((((4,5),(6,7)),8),(9,10)),(14,15)),(((11,12),13),(((16,(17,18)),(19,20)),((1,2),3))));
(((((((4,5),(6,7)),8),(9,10)),13),((11,12),(14,15))),(((16,(17,18)),(19,20)),((1,2),3)));
((((((((1,2),3),((4,5),(6,7))),8),(9,10)),13),((11,12),(14,15))),((16,(17,18)),(19,20)));
