(((1,((3,4),(5,6))),((7,8),(2,9))),((((10,11),13),((14,12),15)),(16,(((17,18),19),20))));
(((5,6),((10,11),(13,1))),(((7,8),(((14,12),(3,4)),15)),((2,9),(16,(((17,18),19),20)))));
(((5,6),(7,8)),((((10,11),(12,(13,1))),((14,(3,4)),15)),((2,9),(16,(((17,18),19),20)))));
(((5,6),((10,11),(13,1))),((((7,8),(2,9)),(((14,12),(3,4)),15)),(16,(((17,18),19),20))));
(((1,(5,6)),((10,11),(12,13))),(((7,8),((14,(2,(3,4))),15)),(9,(16,(((17,18),19),20)))));
((1,(5,6)),((((10,11),(12,13)),(((7,8),(2,9)),((14,(3,4)),15))),(16,(((17,18),19),20))));
(((3,4),(5,6)),((((7,(10,11)),(13,1)),((8,(2,9)),((14,12),15))),(16,(((17,18),19),20))));
(((((3,4),(5,6)),((7,8),(2,9))),((10,11),(13,1))),(((14,12),15),(16,(((17,18),19),20))));
(((1,((3,4),(5,6))),((7,(10,11)),(12,13))),(((8,(2,9)),(14,15)),(16,(((17,18),19),20))));
((((5,6),8),((7,(10,11)),(12,(13,1)))),(((14,(2,(3,4))),15),(9,(16,(((17,18),19),20)))));
