((((1,(6,7)),((((8,10),(11,12)),(13,9)),14)),(15,((16,17),18))),((((2,3),4),5),(19,20)));
((((1,(((2,3),4),5)),((6,7),((8,10),(13,9)))),((14,(19,20)),(11,12))),(15,((16,17),18)));
((((6,7),((((8,10),(11,12)),((13,4),9)),14)),(15,((16,17),18))),((1,((2,3),5)),(19,20)));
((((((2,3),4),5),((1,6),((((8,9),10),(11,12)),13))),((7,14),(19,20))),(15,((16,17),18)));
((((1,(((2,3),4),5)),((6,7),(((8,10),(11,12)),(13,9)))),(14,(19,20))),(15,((16,17),18)));
(((1,(2,5)),(((6,7),((((8,10),(11,12)),((3,(13,4)),9)),14)),(15,((16,17),18)))),(19,20));
(((((2,4),5),((1,6),((((8,9),10),(11,12)),(3,13)))),((7,14),(19,20))),(15,((16,17),18)));
((((1,6),((((8,9),10),(11,12)),(13,4))),(15,((16,17),18))),(((2,3),5),((7,14),(19,20))));
((((6,7),((((8,9),10),(3,13)),14)),(15,((16,17),18))),((1,((2,4),5)),((19,20),(11,12))));
(((2,5),(((1,6),((((8,9),10),(11,12)),(3,(13,4)))),(15,((16,17),18)))),((7,14),(19,20)));
