((((1,2),(10,14)),9),((((4,(5,6)),(7,8)),((15,12),(16,(17,18)))),(((19,3),(11,13)),20)));
(((1,2),(9,(10,(7,14)))),((((4,(5,6)),8),(16,(17,18))),((((19,3),(11,13)),(15,12)),20)));
(((1,2),((3,((4,6),8)),(9,((10,((11,12),13)),(7,(5,14)))))),((16,(17,18)),((19,15),20)));
((((1,2),(10,(5,14))),9),((((4,6),(7,8)),((15,12),(16,(17,18)))),(((19,3),(11,13)),20)));
((((1,2),(((4,6),8),(7,(5,14)))),9),(((10,((11,12),13)),(15,(16,(17,18)))),((19,3),20)));
((9,(7,(5,14))),(((2,(10,((11,12),13))),((3,((4,6),8)),(15,(16,(17,18))))),(19,(20,1))));
(((1,2),((3,((4,6),8)),(9,(10,(7,(5,14)))))),((16,(17,18)),(((19,(11,13)),(15,12)),20)));
((9,((2,(10,(11,13))),(7,14))),(((3,((4,(5,6)),8)),(16,(17,18))),((19,(15,12)),(20,1))));
(((3,((4,6),8)),(9,(7,(5,14)))),(((2,(10,((11,12),13))),(16,(17,18))),((19,15),(20,1))));
(((1,2),(9,(7,14))),(((10,(11,13)),(((4,(5,6)),8),((15,12),(16,(17,18))))),((19,3),20)));
