(((((2,3),((((4,5),6),7),8)),(11,(12,(13,14)))),((15,((9,10),(17,18))),((19,1),20))),16);
(((((2,3),((((4,5),6),7),8)),(9,(10,11))),((((12,(13,14)),15),(17,18)),((19,1),20))),16);
((((2,3),((((4,5),6),7),8)),11),((16,((9,10),(17,18))),(((19,1),20),((12,(13,14)),15))));
((((2,3),((((4,5),6),7),8)),((10,11),(12,(13,14)))),((16,(9,(17,18))),(((19,1),20),15)));
((((2,3),((((4,5),6),7),8)),(9,(10,11))),((((12,(13,14)),15),(16,(17,18))),((19,1),20)));
((((2,3),((((4,5),6),7),8)),(9,((10,11),(12,(13,14))))),((15,(16,(17,18))),((19,1),20)));
((((1,(2,3)),((((4,5),6),7),8)),(11,(12,(13,14)))),((16,((9,10),(17,18))),((19,20),15)));
((((1,(2,3)),((((4,5),6),7),8)),(11,(12,(13,14)))),((15,(16,((9,10),(17,18)))),(19,20)));
((((2,3),((((4,5),6),7),8)),(9,(10,11))),((16,(17,18)),(((19,1),20),((12,(13,14)),15))));
((((2,3),((((4,5),6),7),8)),11),((((12,(13,14)),15),(16,((9,10),(17,18)))),((19,1),20)));
