(((((4,5),6),(1,(7,8))),((((3,(9,10)),11),13),((((14,15),(16,17)),18),(2,19)))),(20,12));
(((3,(9,10)),((((16,17),(11,12)),((14,15),18)),(2,19))),((1,(((4,5),6),(7,8))),(20,13)));
((((9,10),13),((((16,17),(11,12)),((14,15),18)),((2,19),7))),((1,(((3,(4,5)),6),8)),20));
(((9,10),((((16,17),(11,12)),((14,15),18)),(2,19))),((1,(((3,(4,5)),6),(7,8))),(20,13)));
(((1,((2,((4,5),6)),8)),((3,(9,10)),(((((14,15),(16,17)),(11,12)),18),(19,7)))),(20,13));
((((9,10),13),((((16,17),(11,12)),((14,15),18)),((2,19),6))),((1,((3,(4,5)),(7,8))),20));
(((((3,(4,5)),6),(1,8)),((9,10),((((16,17),11),((14,15),18)),((2,19),7)))),((20,13),12));
(((1,(((3,(4,5)),6),(7,8))),(((9,10),13),(((((14,15),(16,17)),(11,12)),18),(2,19)))),20);
(((((3,(4,5)),6),(1,8)),((((9,10),(11,12)),13),((((14,15),(16,17)),18),((2,19),7)))),20);
(((1,(((3,(4,5)),6),(7,8))),(((9,10),13),((((16,17),11),((14,15),18)),(2,19)))),(20,12));
