((((1,(2,3)),(4,5)),((7,(11,12)),((13,14),(9,10)))),((15,6),((16,8),(((18,19),20),17))));
((((4,5),(15,6)),(((7,8),(9,10)),((11,12),(13,14)))),(((16,((18,19),20)),17),(1,(2,3))));
((((4,5),6),((7,(11,12)),((13,14),9))),(15,(((16,8),(((18,19),20),(17,10))),(1,(2,3)))));
((((4,5),(15,6)),(((7,(9,10)),(11,12)),(13,14))),((((16,8),((18,19),20)),17),(1,(2,3))));
(((4,5),(((7,(9,10)),(11,12)),(13,14))),((15,6),((((16,8),((18,19),20)),17),(1,(2,3)))));
((((1,(2,3)),((4,5),6)),(((7,8),(11,12)),((13,14),(9,10)))),(15,(16,(((18,19),20),17))));
(((4,5),(((7,8),(11,12)),((13,14),(9,10)))),((15,6),(((16,((18,19),20)),17),(1,(2,3)))));
(((((1,(2,3)),(4,5)),((7,9),((11,12),(13,14)))),(15,6)),(((16,8),((18,19),20)),(17,10)));
(((4,5),(((7,8),(9,10)),((11,12),(13,14)))),((15,6),((16,(((18,19),20),17)),(1,(2,3)))));
((((4,5),6),(((7,9),(11,12)),(13,14))),(15,((((16,8),((18,19),20)),(17,10)),(1,(2,3)))));
