(((18,(19,20)),(16,17)),((((1,2),3),4),(((6,(7,5)),(8,9)),((((10,11),12),13),(14,15)))));
((18,(19,20)),((((6,(7,5)),(8,9)),((((10,11),12),13),(14,15))),((((1,2),3),4),(16,17))));
(((18,(19,20)),((((1,2),3),4),(16,17))),(((6,(7,5)),(8,9)),((((10,11),12),13),(14,15))));
((18,(19,20)),(((((5,6),7),(8,9)),(((10,11),13),(14,15))),(((1,2),3),(12,(4,(16,17))))));
(((18,(19,20)),(((1,2),3),(12,(4,(16,17))))),((((5,6),7),(8,9)),(((10,11),13),(14,15))));
((18,(19,20)),(((((1,2),3),4),((((5,6),7),(8,9)),((((10,11),12),13),(14,15)))),(16,17)));
((18,(19,20)),((((6,(7,5)),(8,9)),(((10,11),13),(14,15))),(((1,2),3),(12,(4,(16,17))))));
((18,(19,20)),(((((1,2),3),4),((((5,6),7),(8,9)),(((10,11),13),(14,15)))),(12,(16,17))));
(((18,(19,20)),(4,(16,17))),(((1,2),3),(((6,(7,5)),(8,9)),((((10,11),12),13),(14,15)))));
(((18,(19,20)),(12,(16,17))),((((1,2),3),4),(((6,(7,5)),(8,9)),(((10,11),13),(14,15)))));
