(((12,13),(((14,15),16),(17,(9,(10,11))))),(((18,19),20),((((1,2),3),((4,5),6)),(7,8))));
((((((1,2),3),((4,5),6)),7),(12,(13,8))),((((((14,15),16),(17,(9,(10,11)))),18),19),20));
((((((1,2),3),((4,5),6)),(7,8)),(12,13)),(((((14,15),16),(17,(9,(10,11)))),18),(19,20)));
((12,(13,8)),(((((15,16),(17,(9,(10,11)))),18),((19,14),20)),((((1,2),3),((4,5),6)),7)));
((((((1,2),3),((4,5),6)),7),(12,(13,8))),(((((14,15),16),(17,(9,(10,11)))),18),(19,20)));
((12,(13,8)),((((((15,16),(17,(9,(10,11)))),18),(19,14)),20),((((1,2),3),((4,5),6)),7)));
(((((((1,2),3),((4,5),6)),((7,8),(9,(10,11)))),(12,13)),((15,16),17)),((18,(19,14)),20));
(((12,13),((15,16),17)),(((18,(19,14)),20),((((1,2),3),((4,5),6)),((7,8),(9,(10,11))))));
(((((((1,2),3),((4,5),6)),7),(12,(13,8))),(((14,15),16),(17,(9,(10,11))))),(18,(19,20)));
(((12,13),((15,16),(17,(9,(10,11))))),((18,((19,14),20)),((((1,2),3),((4,5),6)),(7,8))));
