((11,((13,14),(((((2,3),4),5),6),(8,10)))),((((15,16),17),(18,(19,(20,7)))),((12,9),1)));
(((5,(6,(1,((2,3),4)))),(7,8)),(((11,(10,(12,9))),(13,14)),(((15,16),17),(18,(19,20)))));
(((5,(6,((2,3),4))),(8,10)),((11,(13,14)),((((15,16),17),(18,(19,(20,7)))),((12,9),1))));
((11,((13,14),(((((2,3),4),5),6),((8,9),10)))),((((15,16),17),(18,(19,(20,7)))),(12,1)));
(((11,(12,9)),((13,14),((5,(6,(1,((2,3),4)))),(8,10)))),(((15,16),17),(18,(19,(20,7)))));
(((11,(12,1)),((13,14),((5,(6,((2,3),4))),(((7,8),9),10)))),(((15,16),17),(18,(19,20))));
((11,((13,14),((5,(6,((2,3),4))),(8,9)))),((((15,16),17),(18,(19,(20,7)))),(10,(12,1))));
(((((1,((2,3),4)),5),6),((8,9),10)),(((11,12),(13,14)),(((15,16),17),(18,(19,(20,7))))));
((((((2,3),4),5),6),(7,8)),((11,(13,14)),((((15,16),17),(18,(19,20))),(10,((12,9),1)))));
(((11,12),((13,14),((5,(6,(1,((2,3),4)))),(((7,8),9),10)))),(((15,16),17),(18,(19,20))));
