((((8,(((15,16),(11,12)),((1,2),17))),((3,4),(9,((13,14),10)))),(18,19)),(20,((5,6),7)));
((((((((15,16),11),((13,14),10)),(12,17)),1),(((2,4),((5,6),7)),(8,9))),((18,19),3)),20);
((((((((15,16),11),((13,14),10)),(2,(12,17))),1),(4,(8,9))),((18,19),3)),(20,((5,6),7)));
((((8,((((15,16),11),((13,14),10)),(12,17))),(((1,2),(3,4)),9)),(18,19)),(20,((5,6),7)));
(((((((15,16),11),((13,14),10)),(12,17)),((((1,2),(3,4)),((5,6),7)),(8,9))),(18,19)),20);
((((8,((((15,16),(11,12)),(13,14)),17)),(((1,2),4),(9,10))),((18,19),3)),(20,((5,6),7)));
((((8,(((((15,16),11),(13,14)),(2,(12,17))),1)),(((3,4),((5,6),7)),(9,10))),(18,19)),20);
((((((15,16),((11,12),((13,14),10))),((1,2),17)),((3,4),(8,9))),(18,19)),(20,((5,6),7)));
((((8,((((15,16),(11,12)),((13,14),10)),17)),((((1,2),4),((5,6),7)),9)),((18,19),3)),20);
((((8,(((15,16),((11,12),((13,14),10))),17)),(((1,2),4),9)),((18,19),3)),(20,((5,6),7)));
