((((1,(4,6)),7),8),((((5,11),(12,13)),(14,((15,16),10))),((((17,(18,19)),9),(2,3)),20)));
((((1,(4,6)),7),((8,(9,10)),((5,11),(12,13)))),((14,(15,16)),(((17,(18,19)),(2,3)),20)));
((((1,3),(7,((4,5),6))),8),(((17,(2,(18,19))),(9,10)),(((11,(12,13)),(14,(15,16))),20)));
(((((1,(2,3)),(4,6)),7),(8,((5,11),(12,13)))),(((17,(18,19)),(9,10)),((14,(15,16)),20)));
((((1,(2,3)),(7,(4,6))),(8,((5,11),(12,13)))),((14,(15,16)),(((17,(18,19)),(9,10)),20)));
((((1,3),(7,6)),((8,9),((5,11),(12,13)))),((17,(2,(18,19))),((14,((15,16),10)),(20,4))));
(((1,(7,6)),(8,(9,10))),(((17,(18,19)),(2,3)),((((5,11),(12,13)),(14,(15,16))),(20,4))));
(((((1,3),(4,6)),7),((8,(9,10)),((5,11),(12,13)))),((17,(2,(18,19))),((14,(15,16)),20)));
((((1,(4,6)),7),(8,(9,10))),(((17,(18,19)),(2,3)),((((5,11),(12,13)),(14,(15,16))),20)));
((((1,(4,6)),7),(8,((5,11),(12,13)))),((14,((15,16),10)),((((17,(2,(18,19))),9),3),20)));
