(((3,(4,5)),9),(((10,(11,12)),(1,(13,(((7,(14,15)),16),((6,17),(18,19)))))),((20,8),2)));
(((1,(((2,3),((4,5),6)),(7,9))),(10,(11,12))),((13,(((14,15),16),(17,(18,19)))),(20,8)));
((((4,5),6),9),(((10,(11,12)),(1,(13,(((7,(14,15)),16),(17,(18,19)))))),(3,((20,8),2))));
(((3,((4,5),6)),9),(((10,(11,12)),(1,(13,((((7,8),(14,15)),16),(17,(18,19)))))),(20,2)));
(((3,((4,5),6)),(7,9)),(((10,(11,12)),(1,(13,(((14,15),16),(17,(18,19)))))),((20,8),2)));
((((2,3),((4,5),6)),9),(((10,(11,12)),(1,(13,((((7,8),(14,15)),16),(17,(18,19)))))),20));
(((3,(4,5)),((7,8),9)),(((10,(11,12)),(1,(13,(((14,15),16),((6,17),(18,19)))))),(20,2)));
((1,((3,((4,5),6)),((7,8),9))),(((10,(11,12)),(13,(((14,15),16),(17,(18,19))))),(20,2)));
(((1,((3,(4,5)),((7,8),9))),(10,(11,12))),((13,(((14,15),16),((6,17),(18,19)))),(20,2)));
(((((4,5),6),9),(10,(11,12))),((1,(13,((((7,8),(14,15)),16),(17,(18,19))))),((2,3),20)));
