((11,((12,13),(6,((14,15),16)))),((17,10),(((18,(19,20)),(1,2)),((3,(4,5)),(7,(8,9))))));
((((10,1),11),((14,15),16)),(((12,13),(8,17)),(((18,(19,20)),2),((3,(4,5)),((6,7),9)))));
((11,(6,((14,15),16))),((13,(8,((17,12),10))),(((18,(19,20)),(1,2)),((3,(4,5)),(7,9)))));
((((1,(2,3)),11),(((14,15),16),(4,5))),((13,(8,((17,12),10))),((18,(19,20)),((6,7),9))));
((11,((14,15),16)),(((12,13),(17,10)),(((18,(19,20)),(1,(2,3))),((4,5),((6,7),(8,9))))));
((11,((6,((14,15),16)),(4,5))),(((12,13),(8,(17,(10,1)))),(((18,(19,20)),(2,3)),(7,9))));
((((1,(2,3)),(((4,5),((6,7),(8,9))),(10,11))),((14,15),16)),((13,(17,12)),(18,(19,20))));
((((2,3),11),(13,(((14,15),16),(4,5)))),(((17,12),(10,1)),((18,(19,20)),((6,7),(8,9)))));
((((1,(2,3)),11),((12,13),((14,15),16))),((8,(17,10)),((18,(19,20)),((4,5),((6,7),9)))));
(((((4,5),(7,(8,9))),11),((12,13),(6,((14,15),16)))),((17,10),((18,(19,20)),(1,(2,3)))));
((((7,(8,9)),11),(13,((6,((14,15),16)),((3,4),5)))),(((17,12),10),((18,(19,20)),(1,2))));
(((2,((10,1),11)),((12,13),(((14,15),16),(3,(4,5))))),(17,((18,(19,20)),((6,7),(8,9)))));
((((1,(2,3)),11),((12,13),(6,((14,15),16)))),((8,(17,10)),((18,(19,20)),((4,5),(7,9)))));
(((((3,(4,5)),(7,(8,9))),11),(6,((14,15),16))),((13,((17,12),(10,1))),((18,(19,20)),2)));
(((10,11),((14,15),16)),((13,(17,12)),(((18,(19,20)),(1,2)),(((3,4),5),((6,7),(8,9))))));
((((10,1),11),(13,((14,15),16))),((8,(17,12)),(((18,(19,20)),(2,3)),((4,5),((6,7),9)))));
(((2,((10,1),11)),((6,((14,15),16)),(3,(4,5)))),(((12,13),17),((18,(19,20)),(7,(8,9)))));
((((1,(2,3)),(((6,7),(8,9)),(10,11))),((12,13),(((14,15),16),(4,5)))),(17,(18,(19,20))));
((((2,3),(((6,7),9),11)),(((14,15),16),(4,5))),((13,(8,((17,12),(10,1)))),(18,(19,20))));
((((2,3),(((4,5),(7,9)),11)),((12,13),(6,((14,15),16)))),((8,(17,(10,1))),(18,(19,20))));
