((((((1,2),((4,5),6)),7),(3,12)),(13,(((14,15),16),17))),(((8,(9,(10,11))),20),(18,19)));
(((((((1,2),3),((4,5),6)),7),((8,(10,11)),12)),((9,13),((14,(15,16)),17))),(20,(18,19)));
((((((1,2),((4,5),6)),(7,8)),((10,11),(3,12))),((9,13),((14,(15,16)),17))),(20,(18,19)));
((((((1,2),((4,5),6)),(7,8)),((10,11),(3,12))),(((9,13),((14,(15,16)),17)),(18,19))),20);
(((((((1,2),3),((4,5),6)),(7,8)),((10,11),12)),(((9,13),(((14,15),16),17)),(18,19))),20);
(((((((1,2),3),((4,5),6)),(7,8)),12),((9,13),((14,(15,16)),17))),(((10,11),20),(18,19)));
(((((((1,2),3),((4,5),6)),7),12),((9,13),((14,(15,16)),17))),(((8,(10,11)),20),(18,19)));
(((((((1,2),3),((4,5),6)),7),((8,(9,(10,11))),12)),((13,((14,(15,16)),17)),(18,19))),20);
((((((1,2),((4,5),6)),(7,8)),(3,12)),(((9,13),(((14,15),16),17)),(18,19))),((10,11),20));
((((((1,2),((4,5),6)),(7,8)),(3,12)),(((9,13),((14,(15,16)),17)),(18,19))),((10,11),20));
((((((1,2),((4,5),6)),7),(3,12)),((13,((14,(15,16)),17)),(18,19))),((8,(9,(10,11))),20));
(((((((1,2),3),((4,5),6)),(7,8)),((9,(10,11)),12)),(13,((14,(15,16)),17))),(20,(18,19)));
(((((((1,2),3),((4,5),6)),7),((8,(9,(10,11))),12)),(13,((14,(15,16)),17))),(20,(18,19)));
(((((((1,2),3),((4,5),6)),(7,8)),12),(((9,13),((14,(15,16)),17)),(18,19))),((10,11),20));
(((((((1,2),3),((4,5),6)),(7,8)),12),(13,((14,(15,16)),17))),(((9,(10,11)),20),(18,19)));
(((((((1,2),3),((4,5),6)),(7,8)),((10,11),12)),((9,13),(((14,15),16),17))),(20,(18,19)));
(((((((1,2),3),((4,5),6)),7),((8,(9,(10,11))),12)),((13,(((14,15),16),17)),(18,19))),20);
(((((((1,2),3),((4,5),6)),7),12),(13,(((14,15),16),17))),(((8,(9,(10,11))),20),(18,19)));
(((((((1,2),3),((4,5),6)),7),12),((13,((14,(15,16)),17)),(18,19))),((8,(9,(10,11))),20));
((((((1,2),((4,5),6)),7),((8,(10,11)),(3,12))),(((9,13),((14,(15,16)),17)),(18,19))),20);
