((1,((4,(6,7)),8)),((((((2,3),10),((5,12),16)),(14,15)),9),(((17,18),11),(13,(19,20)))));
(((1,(2,3)),(((4,5),(6,7)),8)),((((10,((12,13),16)),(14,15)),9),(((17,18),11),(19,20))));
(((1,(2,3)),((4,5),((6,7),8))),(((10,((12,13),((14,15),16))),9),(((17,18),11),(19,20))));
(((1,(2,3)),((4,(6,7)),8)),(((((10,11),((5,12),16)),(14,15)),9),((17,18),(13,(19,20)))));
((1,((((4,5),(6,7)),8),9)),((((12,13),16),(14,15)),((((17,18),((2,3),10)),11),(19,20))));
((1,((((4,5),(6,7)),8),9)),(((((2,3),10),(12,16)),(14,15)),(((17,18),11),(13,(19,20)))));
(((1,(2,3)),(((4,(6,7)),8),9)),(((5,12),((14,15),16)),((((17,18),10),11),(13,(19,20)))));
((1,(((4,5),(6,7)),8)),((((((2,3),(10,11)),(12,16)),(14,15)),9),((17,18),(13,(19,20)))));
((1,((4,(6,7)),8)),(((((2,3),10),(((5,12),13),((14,15),16))),9),(((17,18),11),(19,20))));
(((1,(2,3)),((4,(6,7)),8)),((((5,12),((14,15),16)),9),((((17,18),10),11),(13,(19,20)))));
(((1,(2,3)),(4,((6,7),8))),(((((5,12),13),((14,15),16)),9),(((17,18),(10,11)),(19,20))));
((1,(((4,5),((6,7),8)),9)),((((2,3),(10,11)),((12,13),((14,15),16))),((17,18),(19,20))));
((1,(((4,(6,7)),8),9)),(((((2,3),10),(((5,12),13),16)),(14,15)),(((17,18),11),(19,20))));
((1,(((4,(6,7)),8),9)),((((5,12),16),(14,15)),(((17,18),((2,3),(10,11))),(13,(19,20)))));
(((1,(2,3)),((4,5),((6,7),8))),(((10,(12,((14,15),16))),9),(((17,18),11),(13,(19,20)))));
((1,(((4,5),(6,7)),8)),(((((2,3),10),(12,((14,15),16))),9),(((17,18),11),(13,(19,20)))));
((1,(((4,5),(6,7)),8)),(((((12,13),16),(14,15)),9),(((17,18),((2,3),(10,11))),(19,20))));
((1,(((4,5),(6,7)),8)),((((12,13),((14,15),16)),9),(((17,18),((2,3),(10,11))),(19,20))));
((1,(4,((6,7),8))),((((((2,3),10),((5,12),16)),(14,15)),9),(((17,18),11),(13,(19,20)))));
(((1,(2,3)),((4,5),((6,7),8))),(((((10,11),(12,16)),(14,15)),9),((17,18),(13,(19,20)))));
