((((5,((3,4),(6,7))),((8,9),(10,(11,12)))),(2,13)),(1,(((14,15),(16,((17,18),19))),20)));
(((1,2),((3,4),((8,9),(10,(11,12))))),(((5,(6,7)),(((14,15),(16,((17,18),19))),20)),13));
((1,((3,4),((8,9),(10,(11,12))))),(((5,(6,7)),(((14,15),(16,((17,18),19))),20)),(2,13)));
((1,((3,4),((6,7),(5,((8,9),(10,(11,12))))))),((((14,15),(16,((17,18),19))),20),(2,13)));
(((1,2),((3,4),((5,(6,7)),((8,9),(10,(11,12)))))),((((14,15),(16,((17,18),19))),20),13));
((((8,9),(10,(11,12))),(2,13)),(1,((5,((3,4),(6,7))),(((14,15),(16,((17,18),19))),20))));
(((3,4),((8,9),(10,(11,12)))),(((1,2),((5,(6,7)),(((14,15),(16,((17,18),19))),20))),13));
(((1,2),((3,4),(5,((8,9),(10,(11,12)))))),(((6,7),(((14,15),(16,((17,18),19))),20)),13));
((((3,(6,7)),(5,(((8,9),(10,(11,12))),4))),(2,13)),(1,(((14,15),(16,((17,18),19))),20)));
(((1,((3,4),((6,7),(5,((8,9),(10,(11,12))))))),(2,13)),(((14,15),(16,((17,18),19))),20));
((1,(5,((8,9),(10,(11,12))))),((((3,4),(6,7)),(((14,15),(16,((17,18),19))),20)),(2,13)));
((((1,2),((3,4),((5,(6,7)),((8,9),(10,(11,12)))))),13),(((14,15),(16,((17,18),19))),20));
(((3,4),((8,9),(10,(11,12)))),((1,((5,(6,7)),(((14,15),(16,((17,18),19))),20))),(2,13)));
(((3,(6,7)),(5,(((8,9),(10,(11,12))),4))),(((1,2),(((14,15),(16,((17,18),19))),20)),13));
(((3,((5,(6,7)),(((8,9),(10,(11,12))),4))),(2,13)),(1,(((14,15),(16,((17,18),19))),20)));
((((5,((3,4),(6,7))),((8,9),(10,(11,12)))),13),((1,2),(((14,15),(16,((17,18),19))),20)));
(((1,2),((3,4),((6,7),(5,((8,9),(10,(11,12))))))),((((14,15),(16,((17,18),19))),20),13));
(((((3,4),(6,7)),(5,((8,9),(10,(11,12))))),(2,13)),(1,(((14,15),(16,((17,18),19))),20)));
(((3,((6,7),(5,(((8,9),(10,(11,12))),4)))),(2,13)),(1,(((14,15),(16,((17,18),19))),20)));
(((5,((8,9),(10,(11,12)))),(2,13)),(1,(((3,4),(6,7)),(((14,15),(16,((17,18),19))),20))));
