((((1,(2,3)),5),(6,4)),(7,(((((8,(9,10)),(11,12)),(((13,14),15),(16,(17,18)))),19),20)));
(((5,2),(6,7)),(((1,3),4),((8,((((9,10),(11,12)),(((13,14),15),(16,(17,18)))),19)),20)));
(((5,2),(6,7)),((3,4),((8,((((9,10),(11,12)),(((13,14),15),(16,(17,18)))),(1,19))),20)));
(((5,2),(6,4)),(3,(7,((8,((((9,10),(11,12)),(((13,14),15),(16,(17,18)))),(1,19))),20))));
(((((1,(2,3)),4),5),6),(7,((8,((((9,10),(11,12)),(((13,14),15),(16,(17,18)))),19)),20)));
((((2,3),5),(6,4)),(7,(((((8,(9,10)),(11,12)),(((13,14),15),(16,(17,18)))),(1,19)),20)));
(((5,2),6),(((1,3),4),(7,(((((8,(9,10)),(11,12)),(((13,14),15),(16,(17,18)))),19),20))));
((5,6),(((1,(2,3)),4),(7,((8,((((9,10),(11,12)),(((13,14),15),(16,(17,18)))),19)),20))));
(((5,2),(6,4)),((1,3),(7,(((((8,(9,10)),(11,12)),(((13,14),15),(16,(17,18)))),19),20))));
(((((1,3),4),(5,2)),(6,7)),((8,((((9,10),(11,12)),(((13,14),15),(16,(17,18)))),19)),20));
((((1,(2,3)),5),((6,4),7)),((8,((((9,10),(11,12)),(((13,14),15),(16,(17,18)))),19)),20));
(((3,(5,2)),(6,4)),(7,((8,((((9,10),(11,12)),(((13,14),15),(16,(17,18)))),(1,19))),20)));
(((((1,(2,3)),4),5),(6,7)),(((((8,(9,10)),(11,12)),(((13,14),15),(16,(17,18)))),19),20));
((((1,3),(5,2)),((6,4),7)),((8,((((9,10),(11,12)),(((13,14),15),(16,(17,18)))),19)),20));
(((((1,3),4),(5,2)),(6,7)),(((((8,(9,10)),(11,12)),(((13,14),15),(16,(17,18)))),19),20));
((5,((6,4),7)),((2,3),((8,((((9,10),(11,12)),(((13,14),15),(16,(17,18)))),(1,19))),20)));
((5,(6,7)),(((2,3),4),(((((8,(9,10)),(11,12)),(((13,14),15),(16,(17,18)))),(1,19)),20)));
(((3,(5,2)),((6,4),7)),((8,((((9,10),(11,12)),(((13,14),15),(16,(17,18)))),(1,19))),20));
(((3,(5,2)),((6,4),7)),(((((8,(9,10)),(11,12)),(((13,14),15),(16,(17,18)))),(1,19)),20));
(((5,2),((6,4),7)),((1,3),((8,((((9,10),(11,12)),(((13,14),15),(16,(17,18)))),19)),20)));
