((19,20),(((2,1),((3,4),(5,(6,((7,9),10))))),((((11,12),13),(14,((8,15),16))),(17,18))));
((19,20),(((2,1),(5,(6,(9,10)))),(((11,13),(14,((7,8),(12,(15,16))))),((17,18),(3,4)))));
((19,20),((((2,3),1),(5,(6,(((7,8),9),10)))),((((11,12),13),(14,(15,16))),((17,18),4))));
((19,20),(((2,1),((3,4),(5,(6,(9,10))))),(((11,13),(14,(7,(12,((8,15),16))))),(17,18))));
((19,20),(((2,1),((3,4),(5,(6,(((7,8),9),10))))),(((11,13),(14,(12,(15,16)))),(17,18))));
((19,20),(((2,1),((5,(6,((7,9),10))),(11,13))),((14,(12,((8,15),16))),((17,18),(3,4)))));
((19,20),(((2,1),((3,4),(5,(6,(9,10))))),((((11,12),13),(14,(7,((8,15),16)))),(17,18))));
((19,20),((((2,3),1),(5,(6,(9,10)))),(((11,13),(14,(7,(12,((8,15),16))))),((17,18),4))));
((19,20),((((2,3),1),(5,(6,((7,9),10)))),(((11,13),(14,(12,((8,15),16)))),((17,18),4))));
((19,20),((((2,3),1),(4,(5,(6,((7,9),10))))),((((11,12),13),(14,((8,15),16))),(17,18))));
((19,20),((((2,3),1),(4,(5,(6,(9,10))))),(((11,13),(14,(7,(12,((8,15),16))))),(17,18))));
((19,20),((((2,3),1),(5,(6,(9,10)))),((((11,12),13),(14,((7,8),(15,16)))),((17,18),4))));
((19,20),((((2,3),1),(4,((5,(6,(9,10))),(11,13)))),((14,((7,8),(12,(15,16)))),(17,18))));
((19,20),(((2,1),(5,(6,(((7,8),9),10)))),(((11,13),(14,(12,(15,16)))),((17,18),(3,4)))));
((19,20),((((2,3),1),((5,(6,(9,10))),((11,12),13))),((14,(7,((8,15),16))),((17,18),4))));
((19,20),(((2,1),((3,4),((5,(6,((7,9),10))),((11,12),13)))),((14,((8,15),16)),(17,18))));
((19,20),(((2,1),((3,4),(5,(6,((7,9),10))))),(((11,13),(14,(12,((8,15),16)))),(17,18))));
((19,20),((((2,3),1),((5,(6,(((7,8),9),10))),((11,12),13))),((14,(15,16)),((17,18),4))));
((19,20),((((2,3),1),(4,((5,(6,((7,9),10))),(11,13)))),((14,(12,((8,15),16))),(17,18))));
((19,20),(((2,1),(5,(6,((7,9),10)))),((((11,12),13),(14,((8,15),16))),((17,18),(3,4)))));
