((3,((((11,12),13),(2,(14,15))),(((16,17),18),19))),(20,((6,7),((1,(8,9)),((4,5),10)))));
(((3,((11,12),((13,((16,17),18)),19))),(2,(14,15))),(20,(6,((1,((7,8),9)),((4,5),10)))));
((((1,(3,(8,9))),(((11,12),13),((6,7),(((((16,17),18),4),19),(5,10))))),(2,(14,15))),20);
((((1,((2,3),(((7,8),9),(5,10)))),((11,12),(6,((13,(18,4)),(19,(16,17)))))),(14,15)),20);
(((1,(3,((7,8),9))),(((11,12),(2,(14,15))),(6,(((13,(((16,17),18),4)),19),(5,10))))),20);
(((((2,3),5),((6,7),((1,(8,9)),10))),(((11,12),(14,15)),((13,(18,4)),(19,(16,17))))),20);
(((((2,3),5),((6,7),(1,(8,9)))),((((11,12),13),(14,15)),(((((16,17),18),4),19),10))),20);
(((1,(3,5)),((((11,12),13),(2,(14,15))),(((((16,17),18),4),19),10))),(20,(6,((7,8),9))));
(((((2,3),(4,5)),((11,12),((6,7),((13,((16,17),18)),19)))),(14,15)),(20,((1,(8,9)),10)));
((((1,(3,5)),(((11,12),13),(6,(((18,4),(19,(16,17))),10)))),(2,(14,15))),(20,((7,8),9)));
(((1,((2,3),(4,5))),((((11,12),13),(14,15)),((((16,17),18),19),10))),(20,(6,((7,8),9))));
(((((2,3),((6,7),(1,(8,9)))),(((11,12),13),(((18,4),(19,(16,17))),(5,10)))),(14,15)),20);
((((1,((2,3),(4,5))),(((11,12),13),((18,(19,(16,17))),10))),(14,15)),(20,((6,7),(8,9))));
(((1,(3,(4,5))),((((11,12),13),(2,(14,15))),(((16,17),18),19))),(20,((6,7),((8,9),10))));
(((3,(((11,12),13),(6,(((18,4),(19,(16,17))),(5,10))))),(2,(14,15))),(20,(1,((7,8),9))));
(((1,(3,5)),(((11,12),(2,(14,15))),(((13,(((16,17),18),4)),19),10))),(20,((6,7),(8,9))));
(((2,3),((((11,12),13),(14,15)),(18,(19,(16,17))))),(20,(6,((1,((7,8),9)),((4,5),10)))));
(((1,(3,((6,7),((8,9),(5,10))))),(((11,12),(2,(14,15))),((13,(18,4)),(19,(16,17))))),20);
(((1,(((2,3),(4,5)),(8,9))),(((11,12),(14,15)),((6,7),(((13,((16,17),18)),19),10)))),20);
(((1,(2,3)),(((11,12),(14,15)),((6,7),(((13,(((16,17),18),4)),19),(5,10))))),(20,(8,9)));
