((4,5),(((11,(12,13)),((8,(9,10)),(14,(15,16)))),((2,3),(17,(1,((18,(19,20)),(6,7)))))));
(4,(((11,(12,13)),((8,(9,10)),(14,(15,16)))),((2,3),((17,5),(1,((18,(19,20)),(6,7)))))));
((4,5),(((11,(12,13)),((8,(9,10)),(14,16))),((1,(2,3)),(17,(((18,(19,20)),15),(6,7))))));
(((2,3),(4,(6,7))),(((11,(12,13)),((8,(9,10)),(14,(15,16)))),((17,5),(1,(18,(19,20))))));
(4,((8,(9,10)),((14,16),((2,3),(((11,(12,13)),(17,5)),(1,(((18,(19,20)),15),(6,7))))))));
(((2,3),4),(((8,(9,10)),(14,(15,16))),(((11,(12,13)),(17,5)),(1,((18,(19,20)),(6,7))))));
(((4,5),(6,7)),(((11,(12,13)),((8,(9,10)),(14,16))),((1,(2,3)),(17,((18,(19,20)),15)))));
(4,(((11,(12,13)),((8,(9,10)),(14,16))),((2,3),((17,5),(1,(((18,(19,20)),15),(6,7)))))));
(((1,(2,3)),4),((8,(9,10)),((14,(15,16)),(((11,(12,13)),(17,5)),((18,(19,20)),(6,7))))));
((4,5),(((11,(12,13)),((8,(9,10)),(14,(15,16)))),((1,(2,3)),(17,((18,(19,20)),(6,7))))));
(((2,3),((4,5),(6,7))),((8,(9,10)),((14,16),(((11,(12,13)),17),(1,((18,(19,20)),15))))));
(((4,5),(6,7)),((8,(9,10)),((14,(15,16)),((2,3),(((11,(12,13)),17),(1,(18,(19,20))))))));
((4,(6,7)),((8,(9,10)),((14,(15,16)),((1,(2,3)),(((11,(12,13)),(17,5)),(18,(19,20)))))));
(((2,3),(4,(6,7))),((8,(9,10)),((14,16),(((11,(12,13)),(17,5)),(1,((18,(19,20)),15))))));
(((2,3),4),((8,(9,10)),(((11,(12,13)),(14,16)),((17,5),(1,(((18,(19,20)),15),(6,7)))))));
(((1,(2,3)),(4,(6,7))),(((8,(9,10)),(14,(15,16))),(((11,(12,13)),(17,5)),(18,(19,20)))));
(((4,5),(6,7)),((8,(9,10)),(((11,(12,13)),(14,(15,16))),((1,(2,3)),(17,(18,(19,20)))))));
(((2,3),((4,5),(6,7))),((8,(9,10)),(((11,(12,13)),(14,16)),(17,(1,((18,(19,20)),15))))));
(((2,3),(4,(6,7))),((8,(9,10)),((14,(15,16)),(((11,(12,13)),(17,5)),(1,(18,(19,20)))))));
(((1,(2,3)),((4,5),(6,7))),(((8,(9,10)),(14,(15,16))),(((11,(12,13)),17),(18,(19,20)))));
