(((((3,((4,5),6)),11),(12,(((1,2),14),15))),((10,16),((9,((7,8),(13,17))),(18,19)))),20);
((((3,11),((1,2),14)),((10,16),(((8,9),17),(((4,5),6),(15,((18,7),((12,13),19))))))),20);
((((3,(10,11)),(((1,2),14),15)),(16,((((7,8),9),(13,17)),(((4,5),6),(18,(12,19)))))),20);
(((((3,6),(10,11)),(12,(((1,2),14),15))),(16,((9,((7,8),(13,17))),(18,((4,5),19))))),20);
(((((3,((4,5),6)),11),(((1,2),14),15)),((10,16),(18,(12,19)))),(20,(((7,8),9),(13,17))));
((((3,(((7,8),9),11)),((1,2),14)),((10,16),(((4,5),6),(15,(18,((12,13),19)))))),(20,17));
(((((((1,2),3),((4,5),6)),(((7,8),9),11)),14),((10,16),(15,(18,((12,13),19))))),(20,17));
((((((1,2),3),((8,9),(10,11))),14),(16,(((4,5),6),(15,((18,7),((12,13),19)))))),(20,17));
(((((((1,2),3),((4,5),6)),(9,(10,11))),((12,13),14)),(16,((8,17),(15,((18,7),19))))),20);
(((((3,((4,5),6)),11),(12,((1,2),14))),((10,16),((9,((7,8),(13,17))),(15,(18,19))))),20);
((((3,(10,11)),(((1,2),14),15)),(16,(((4,5),6),((18,7),(12,19))))),(20,(9,(8,(13,17)))));
((((((1,2),3),(10,11)),((12,13),14)),(16,(6,(15,(18,((4,5),19)))))),(20,(((7,8),9),17)));
(((((((1,2),3),6),((8,9),(10,11))),(12,(14,15))),(16,((13,17),((18,7),((4,5),19))))),20);
(((((((1,2),3),6),(((7,8),9),11)),(14,15)),((10,16),((13,17),(18,(12,((4,5),19)))))),20);
(((((((1,2),3),((4,5),6)),(((7,8),9),(10,11))),14),(16,(15,(18,((12,13),19))))),(20,17));
((((((1,2),3),11),(12,(14,15))),((10,16),(6,((18,7),((4,5),19))))),(20,(9,(8,(13,17)))));
(((((((1,2),3),((4,5),6)),11),((12,13),14)),((10,16),((((7,8),9),17),(15,(18,19))))),20);
(((((((1,2),3),((4,5),6)),((8,9),(10,11))),(12,(14,15))),(16,((13,17),((18,7),19)))),20);
(((((3,((4,5),6)),((8,9),(10,11))),((1,2),14)),(16,(15,((18,7),((12,13),19))))),(20,17));
((((3,11),(12,(((1,2),14),15))),((10,16),((9,(8,(13,17))),(((4,5),6),((18,7),19))))),20);
