((((8,(9,10)),(12,11)),(13,(14,(((15,16),17),(18,19))))),(((4,5),20),((6,7),((1,2),3))));
((((((1,2),3),5),(7,((8,(9,(4,10))),((6,12),11)))),(13,(14,(((15,16),17),(18,19))))),20);
((((((1,2),3),5),((6,7),(8,(9,(4,10))))),(13,(((15,16),17),(18,19)))),((20,14),(12,11)));
(((((7,3),(1,2)),(8,(9,10))),(13,(((15,16),17),(18,19)))),(((4,5),(20,14)),((6,12),11)));
((((((1,2),3),5),(8,(9,(4,10)))),(((15,16),17),(18,19))),(((13,(20,14)),(6,7)),(12,11)));
(((5,(((7,3),(1,2)),((8,(9,(4,10))),11))),(((15,16),17),(18,19))),((13,(20,14)),(6,12)));
(((5,(((8,(9,(4,10))),11),12)),(14,(((15,16),17),(18,19)))),((13,20),((6,7),((1,2),3))));
(((8,(9,10)),(13,(14,(((15,16),17),(18,19))))),((((((1,2),3),(4,5)),20),7),((6,12),11)));
((((8,(9,10)),11),(14,(((15,16),17),(18,19)))),(((13,((4,5),20)),((6,7),((1,2),3))),12));
((((((1,2),3),(4,5)),((6,7),((8,(9,10)),(12,11)))),(13,(((15,16),17),(18,19)))),(20,14));
((((4,5),(((8,(9,10)),11),(6,12))),(13,(((15,16),17),(18,19)))),((20,14),((7,3),(1,2))));
(((((8,(9,(4,10))),11),12),(((15,16),17),(18,19))),((13,(5,(20,14))),((6,7),((1,2),3))));
(((7,((8,(9,(4,10))),11)),(14,(((15,16),17),(18,19)))),((13,((((1,2),3),5),20)),(6,12)));
(((((6,(7,3)),(1,2)),(((8,(9,10)),11),12)),(((15,16),17),(18,19))),(13,((4,5),(20,14))));
((((8,(9,10)),11),(14,(((15,16),17),(18,19)))),(((13,((((1,2),3),(4,5)),20)),7),(6,12)));
(((5,(((8,(9,(4,10))),11),12)),(13,(((15,16),17),(18,19)))),((20,14),((6,7),((1,2),3))));
(((8,(9,(4,10))),(13,(((15,16),17),(18,19)))),(((5,(20,14)),((7,3),(1,2))),((6,12),11)));
((((8,(9,(4,10))),(12,11)),(((15,16),17),(18,19))),((13,((((1,2),3),5),(20,14))),(6,7)));
(((((1,2),5),((8,(9,(4,10))),11)),(((15,16),17),(18,19))),(((13,(20,14)),(6,(7,3))),12));
((((4,5),(8,(9,10))),(13,(14,(((15,16),17),(18,19))))),((20,((6,(7,3)),(1,2))),(12,11)));
