(((1,(7,((8,9),10))),((2,(3,4)),(5,6))),((((11,(12,13)),14),15),((16,17),((18,19),20))));
(((1,((8,9),10)),((2,(3,4)),(5,6))),((14,(15,7)),(((16,17),((18,19),20)),(11,(12,13)))));
((1,(((2,(3,4)),(5,6)),((8,9),10))),((((11,(12,13)),14),(15,7)),((16,17),((18,19),20))));
(((7,((8,9),10)),((2,(3,4)),(5,6))),((1,(14,15)),(((16,17),((18,19),20)),(11,(12,13)))));
(((7,((8,9),10)),((2,(3,4)),(5,6))),((1,(((11,(12,13)),14),15)),((16,17),((18,19),20))));
((1,(((2,(3,4)),(5,6)),(7,((8,9),10)))),((((11,(12,13)),14),15),((16,17),((18,19),20))));
((((2,(3,4)),(5,6)),((8,9),10)),((1,(14,(15,7))),(((16,17),((18,19),20)),(11,(12,13)))));
((((8,9),10),((2,(3,4)),(5,6))),((1,(14,(15,7))),(((16,17),((18,19),20)),(11,(12,13)))));
((((2,(3,4)),(5,6)),(7,((8,9),10))),((1,(((11,(12,13)),14),15)),((16,17),((18,19),20))));
((((2,(3,4)),(5,6)),(7,((8,9),10))),((1,(14,15)),(((16,17),((18,19),20)),(11,(12,13)))));
