(((((13,(1,(2,3))),(14,(6,7))),(8,(((10,11),12),9))),16),((15,17),((18,(4,5)),(19,20))));
((((13,(14,(6,7))),(8,(((10,11),12),9))),16),((15,17),((18,((1,(2,3)),(4,5))),(19,20))));
(((((13,(1,(2,3))),(14,15)),(((10,11),12),9)),16),(17,((18,((4,5),(6,7))),(8,(19,20)))));
((((13,((14,15),(6,7))),(((1,(2,3)),(4,5)),(8,(((10,11),12),9)))),16),(17,(18,(19,20))));
((((13,(14,(6,7))),(((1,(2,3)),(4,5)),(8,(((10,11),12),9)))),16),((15,17),(18,(19,20))));
((((13,14),(((10,11),12),9)),16),((15,17),((18,(((1,(2,3)),(4,5)),(6,7))),(8,(19,20)))));
(((((13,(1,(2,3))),((14,15),(6,7))),(8,(((10,11),12),9))),16),(17,((18,(4,5)),(19,20))));
(((((13,(1,(2,3))),(14,(6,7))),(((10,11),12),9)),16),((15,17),((18,(4,5)),(8,(19,20)))));
((((13,((14,15),(6,7))),(((10,11),12),9)),16),(17,((18,((1,(2,3)),(4,5))),(8,(19,20)))));
((((13,14),(8,(((10,11),12),9))),16),((15,17),((18,(((1,(2,3)),(4,5)),(6,7))),(19,20))));
