(((((2,((3,4),(5,(6,7)))),10),((11,12),(13,8))),(14,((16,17),18))),((19,15),((1,20),9)));
(((((2,((3,4),(5,(6,7)))),10),(11,(13,8))),((14,15),((16,17),18))),(19,(((1,20),9),12)));
((((((1,2),((3,4),(5,(6,7)))),10),((11,12),(13,8))),((14,15),(16,17))),(19,((20,9),18)));
(((2,((3,4),(5,(6,7)))),((8,10),(14,(16,17)))),(((11,12),13),((19,15),(((1,20),9),18))));
((((8,10),(14,((16,17),18))),((19,15),((20,9),12))),(((1,2),((3,4),(5,(6,7)))),(11,13)));
(((2,((3,4),(5,(6,7)))),(10,((14,15),(16,17)))),(((11,12),(13,8)),(19,(((1,20),9),18))));
((((8,10),(14,(16,17))),((19,15),((((1,20),9),12),18))),((2,((3,4),(5,(6,7)))),(11,13)));
(((14,((16,17),18)),(((11,12),(13,8)),((19,15),(20,9)))),(((1,2),((3,4),(5,(6,7)))),10));
((((8,10),((14,15),((16,17),18))),(19,(20,9))),(((1,2),((3,4),(5,(6,7)))),((11,12),13)));
(((2,((3,4),(5,(6,7)))),(((8,9),10),((14,15),((16,17),18)))),((11,13),(19,((1,20),12))));
