((6,((5,((((8,9),(15,16)),17),(7,((18,19),(10,((11,12),(13,14))))))),(4,((1,2),3)))),20);
((((4,(2,3)),5),6),((1,20),(((8,9),(((10,((11,12),(13,14))),(15,16)),17)),(7,(18,19)))));
(6,(20,((5,((((8,9),(15,16)),17),(7,((((14,18),10),19),((11,12),13))))),(4,((1,2),3)))));
(6,(20,((((8,9),(((10,((11,12),13)),(15,16)),17)),(7,((14,18),19))),(((4,(1,2)),3),5))));
((((((4,2),3),5),6),(((8,9),((15,16),17)),(7,(((14,18),19),(10,((11,12),13)))))),(1,20));
((((4,(2,3)),6),(5,((((8,9),(((11,12),13),(15,16))),17),(7,(((14,18),10),19))))),(1,20));
((6,((5,(((7,(8,9)),((((11,12),13),(15,16)),17)),(((14,18),10),19))),((4,2),3))),(1,20));
(((((4,(2,3)),5),6),(((8,9),(((10,((11,12),13)),(15,16)),17)),(7,((14,18),19)))),(1,20));
((6,(((((8,9),(15,16)),17),(7,((18,19),(10,((11,12),(13,14)))))),((4,((1,2),3)),5))),20);
((6,((((8,9),((15,16),17)),(7,(((18,10),19),((11,12),(13,14))))),((4,((1,2),3)),5))),20);
