((1,(5,(6,7))),((((((11,(12,(13,14))),(15,16)),(8,(9,10))),((18,19),17)),((2,3),4)),20));
((1,(((2,3),4),(5,(6,7)))),(((((11,12),(15,16)),(8,(9,10))),((18,19),17)),((13,14),20)));
((1,(((2,3),4),(5,6))),((((11,((7,12),(13,14))),(8,(9,10))),((15,16),((18,19),17))),20));
((1,(4,(5,6))),((((11,(7,12)),(8,(9,10))),((2,3),((15,16),((18,19),17)))),((13,14),20)));
((1,(5,(6,7))),(((((11,12),(8,(9,10))),(17,((2,3),((15,16),(18,19))))),4),((13,14),20)));
((1,(4,((5,6),(8,(9,10))))),(((11,((7,12),(13,14))),(17,((2,3),((15,16),(18,19))))),20));
((1,(4,((5,(6,7)),(8,(9,10))))),((((11,12),(15,16)),(17,((2,3),(18,19)))),((13,14),20)));
((1,((5,(6,7)),(8,(9,10)))),(((((11,12),(15,16)),((2,3),((18,19),17))),4),((13,14),20)));
((1,(4,((5,6),(8,(9,10))))),((((11,((7,12),(13,14))),(15,16)),(17,((2,3),(18,19)))),20));
((1,((5,6),(8,(9,10)))),((((11,((7,12),(13,14))),(17,((2,3),((15,16),(18,19))))),4),20));
