(((9,10),((11,((12,13),(14,15))),((3,4),((6,7),8)))),((1,2),((5,(16,((17,18),19))),20)));
(((9,10),((11,((12,13),(14,15))),(((3,4),5),((6,7),8)))),((1,2),((16,((17,18),19)),20)));
((1,2),(((((3,4),((6,7),8)),(9,10)),(11,((12,13),(14,15)))),((5,(16,((17,18),19))),20)));
((9,((11,((12,13),((14,15),10))),((3,4),((6,7),8)))),((1,2),((5,(16,((17,18),19))),20)));
((9,((11,(12,13)),(((3,4),5),((6,7),8)))),((1,2),((16,((17,18),19)),(20,((14,15),10)))));
((1,2),((9,((11,((12,13),((14,15),10))),((3,4),((6,7),8)))),((5,(16,((17,18),19))),20)));
(((((3,4),((6,7),8)),(9,10)),(11,(12,13))),((1,2),((5,(16,((17,18),19))),(20,(14,15)))));
((((((3,4),5),((6,7),8)),9),(11,((12,13),((14,15),10)))),((1,2),((16,((17,18),19)),20)));
((1,2),(((((3,4),((6,7),8)),9),(11,(12,13))),((5,(16,((17,18),19))),(20,((14,15),10)))));
((1,2),(((9,10),((11,((12,13),(14,15))),((3,4),((6,7),8)))),((5,(16,((17,18),19))),20)));
