(((((1,2),(((3,4),5),(6,7))),((13,14),(15,(16,17)))),18),((8,((9,(10,11)),12)),(19,20)));
(((((3,4),5),(6,7)),((13,14),((1,2),(15,(16,17))))),(((8,((9,(10,11)),12)),(19,20)),18));
(((((1,2),((3,4),5)),((13,14),(15,(16,17)))),18),(((8,(6,7)),((9,(10,11)),12)),(19,20)));
((((((3,4),5),((8,(6,7)),((9,(10,11)),12))),((13,14),((1,2),(15,(16,17))))),18),(19,20));
((((1,2),((((3,4),5),(6,7)),(8,((9,(10,11)),12)))),((13,14),(15,(16,17)))),((19,20),18));
((((((3,4),5),(6,7)),(13,14)),((1,2),(15,(16,17)))),(((8,((9,(10,11)),12)),(19,20)),18));
((((((1,2),(((3,4),5),((8,(6,7)),((9,(10,11)),12)))),(13,14)),(15,(16,17))),18),(19,20));
((((((3,4),5),(13,14)),((1,2),(15,(16,17)))),18),(((8,(6,7)),((9,(10,11)),12)),(19,20)));
(((((1,2),(((3,4),5),((8,(6,7)),((9,(10,11)),12)))),(13,14)),(15,(16,17))),((19,20),18));
(((((1,2),(((3,4),5),((8,(6,7)),((9,(10,11)),12)))),((13,14),(15,(16,17)))),18),(19,20));
