(((1,(2,3)),((4,((5,(6,7)),10)),((11,12),13))),(14,(((8,9),20),((15,16),((17,18),19)))));
(((4,((5,(6,7)),((8,9),10))),((11,12),13)),((14,(16,((((1,(2,3)),17),(15,18)),19))),20));
((((5,(6,7)),10),(((11,12),13),4)),(14,(((8,9),20),(16,((((2,3),17),(15,18)),(19,1))))));
(((2,3),(((5,6),10),(((11,12),13),4))),(14,(((8,9),20),(16,(((17,7),(15,18)),(19,1))))));
(((1,(2,3)),((4,((5,6),((8,9),10))),((11,12),13))),((14,((15,16),(((17,7),18),19))),20));
(((2,3),((4,((5,(6,7)),10)),((11,12),13))),(14,(((8,9),20),(16,((17,(15,18)),(19,1))))));
((2,((5,10),(((11,12),13),4))),(14,((((8,9),(3,20)),(16,((17,(15,18)),(19,1)))),(6,7))));
(((4,(5,10)),((11,12),13)),(14,((((8,9),(3,20)),(16,(((((1,2),17),7),(15,18)),19))),6)));
((((5,(6,7)),((8,9),10)),(((11,12),13),4)),(14,((3,20),((15,16),(((2,17),18),(19,1))))));
(((4,((5,6),10)),((11,12),13)),(14,(((8,9),(3,20)),((15,16),((((2,17),7),18),(19,1))))));
