(((((1,(2,5)),((((6,7),8),(9,(4,10))),((13,(14,15)),16))),((3,11),12)),17),((18,19),20));
(((1,5),(((((6,7),2),8),(9,(4,10))),(((3,11),12),((13,(14,15)),16)))),(17,((18,19),20)));
(((1,(2,5)),((((6,7),8),(9,10)),((((3,4),11),12),((13,(14,15)),16)))),(17,((18,19),20)));
((((1,((2,3),5)),((((6,7),8),(9,(4,10))),((11,12),16))),17),(((18,19),20),(13,(14,15))));
(((1,((2,(3,4)),5)),((((6,7),8),(9,10)),((11,12),16))),((17,((18,19),20)),(13,(14,15))));
((((1,5),(((((6,7),(2,3)),8),(9,(4,10))),((11,12),16))),17),(((18,19),20),(13,(14,15))));
(((((1,5),((((6,(2,3)),8),(9,(4,10))),16)),(11,12)),17),(((18,19),20),((13,(14,15)),7)));
(((1,5),((((6,2),8),(9,10)),((((3,4),11),12),(((13,(14,15)),7),16)))),(17,((18,19),20)));
((((1,5),(((((6,7),(2,(3,4))),8),(9,10)),((11,12),16))),17),(((18,19),20),(13,(14,15))));
(((1,5),((((6,2),8),(9,10)),((((3,4),11),12),16))),((17,((18,19),20)),((13,(14,15)),7)));
