((3,(((((4,5),(6,7)),8),(10,((11,9),(12,13)))),((1,14),18))),(19,((2,20),(15,(16,17)))));
(((((5,(6,7)),(8,4)),((9,10),(11,13))),((1,14),18)),(((3,19),((2,20),((15,16),17))),12));
(((1,(2,3)),((((4,5),7),(10,((11,9),(12,13)))),((14,8),18))),(19,(20,((15,16),(17,6)))));
((3,((((5,7),(8,4)),(9,10)),(((11,(12,13)),(1,14)),(((15,16),(17,6)),18)))),(19,(2,20)));
((((((4,5),7),8),(9,10)),(((11,13),(1,14)),18)),((((2,3),19),(20,((15,16),(17,6)))),12));
(((1,(2,3)),((((5,7),(8,4)),(10,((11,9),13))),(14,18))),((19,(20,((15,16),(17,6)))),12));
(((((5,7),(8,4)),(10,((11,9),(12,13)))),((1,14),((15,(16,(17,6))),18))),((3,19),(2,20)));
(((1,3),((((4,5),7),(9,10)),(((11,(12,13)),(14,8)),(((15,16),(17,6)),18)))),(19,(2,20)));
((((((4,5),(6,7)),8),10),((((11,9),(12,13)),(1,14)),18)),((3,19),((2,20),((15,16),17))));
(((((5,(6,7)),(8,4)),(9,10)),(((11,13),14),((15,(16,17)),18))),((((1,(2,3)),19),20),12));
