((8,((((11,12),(13,14)),(10,(16,17))),9)),((((18,19),(15,((1,2),3))),(((4,5),6),7)),20));
((8,((((((11,12),(13,14)),15),((((1,2),3),(4,5)),6)),(10,(16,17))),9)),(((18,19),7),20));
((8,(((10,((((11,12),(13,14)),(15,16)),6)),17),9)),(((18,19),7),((((1,2),3),(4,5)),20)));
((8,(((10,(((11,12),(13,14)),(15,((1,2),3)))),(16,17)),9)),(((18,19),(((4,5),6),7)),20));
(((7,8),(((((11,12),(13,14)),6),(10,(16,17))),9)),(((18,19),15),((((1,2),3),(4,5)),20)));
((8,(((10,((((11,12),(13,14)),((15,16),((1,2),3))),((4,5),6))),17),9)),(((18,19),7),20));
((((7,4),8),(((((11,12),(13,14)),6),(10,17)),9)),(((18,19),((15,16),((1,2),3))),(5,20)));
((((6,(7,4)),8),(((((11,12),(13,14)),15),(10,(16,17))),9)),((18,19),((((1,2),3),5),20)));
((8,(((10,((((11,12),(13,14)),(15,16)),((((1,2),3),5),6))),17),9)),(((18,19),(7,4)),20));
((((7,4),8),((((((11,12),(13,14)),((15,16),((1,2),3))),6),(10,17)),9)),((18,19),(5,20)));
