((((((6,(7,(10,11))),12),13),((((14,15),16),(8,9)),(17,(18,19)))),((1,2),(3,(4,5)))),20);
((((((6,(7,11)),12),13),((((14,15),16),(8,9)),(17,((18,19),10)))),((1,2),(3,(4,5)))),20);
((((12,13),((((14,15),16),(8,9)),(((3,(4,5)),17),(18,19)))),(1,2)),(20,(6,(7,(10,11)))));
((((1,2),(((6,(7,(10,11))),12),13)),(((3,(4,5)),17),(18,19))),((((14,15),16),(8,9)),20));
((((((6,((7,(8,9)),(10,11))),12),13),((3,(4,5)),17)),(1,2)),(((14,15),16),((18,19),20)));
((((1,2),(((6,(7,11)),12),13)),((((14,15),16),(8,9)),(((3,(4,5)),17),((18,19),10)))),20);
(((((1,2),(3,(4,5))),(((6,((7,(8,9)),11)),12),13)),(((14,15),16),(17,((18,19),10)))),20);
((((((6,((7,(8,9)),(10,11))),12),13),(((14,15),16),((3,(4,5)),17))),(1,2)),((18,19),20));
(((((1,2),(3,(4,5))),(((6,((7,(8,9)),(10,11))),12),13)),17),(((14,15),16),((18,19),20)));
(((((1,2),(3,(4,5))),(12,13)),((((14,15),16),(8,9)),17)),((18,19),(20,(6,(7,(10,11))))));
