((((3,((2,((6,(7,8)),(9,(10,11)))),(12,(14,13)))),(4,5)),(18,1)),((20,19),((15,16),17)));
(((((2,3),(((6,(7,8)),(9,11)),((12,(14,13)),((15,16),(10,17))))),(4,5)),(18,1)),(20,19));
((((((1,2),3),((6,(9,(8,11))),((12,((7,14),13)),((15,16),(10,17))))),(4,5)),18),(20,19));
(((((2,3),(((6,(7,8)),(9,(10,11))),((12,(14,13)),((15,16),17)))),(4,5)),(18,1)),(20,19));
((((3,(4,5)),((2,((6,(7,8)),(9,(10,11)))),(12,(14,13)))),(18,1)),((20,19),((15,16),17)));
((((3,(4,5)),(((1,2),((6,(7,8)),(9,(10,11)))),((12,(14,13)),((15,16),17)))),18),(20,19));
((((((1,2),3),(((6,8),(9,(10,11))),(12,((7,14),13)))),(4,5)),18),((20,19),((15,16),17)));
(((((2,3),(((6,8),(9,11)),((12,((7,14),13)),((15,16),(10,17))))),(4,5)),(18,1)),(20,19));
((((3,(4,5)),(((1,2),((6,8),(9,(10,11)))),((12,((7,14),13)),((15,16),17)))),18),(20,19));
((((2,(3,(4,5))),(((6,(7,8)),(9,(10,11))),((12,(14,13)),((15,16),17)))),(18,1)),(20,19));
