((((((((2,3),5),(6,7)),(10,11)),(12,1)),((8,9),((4,13),(14,15)))),((16,17),18)),(19,20));
(1,((((((((2,3),5),(6,7)),(10,11)),12),((8,9),((4,13),14))),(15,((16,17),18))),(19,20)));
(1,(((((((2,3),5),(6,(7,(8,9)))),12),((4,13),14)),(15,(((10,11),(16,17)),18))),(19,20)));
(1,(((((((((2,3),4),5),(6,7)),(10,11)),12),((8,9),(13,(14,15)))),((16,17),18)),(19,20)));
(1,((((((((2,3),4),5),(6,(7,(8,9)))),12),(13,14)),(15,(((10,11),(16,17)),18))),(19,20)));
((((((((2,3),4),5),(6,(7,(8,9)))),(12,1)),(13,(14,15))),(((10,11),(16,17)),18)),(19,20));
(1,(((((((2,3),5),(6,7)),12),((8,9),((4,13),(14,15)))),(((10,11),(16,17)),18)),(19,20)));
((((((((2,3),5),(6,(7,(8,9)))),(10,11)),(12,1)),((4,13),14)),(15,((16,17),18))),(19,20));
((((((((2,3),4),5),(6,7)),(12,1)),((8,9),(13,14))),(15,(((10,11),(16,17)),18))),(19,20));
(((((((((2,3),4),5),(6,(7,(8,9)))),(10,11)),(12,1)),(13,14)),(15,((16,17),18))),(19,20));
