(((3,(4,((6,5),(7,8)))),9),(((((10,11),(12,13)),((14,(15,16)),2)),17),(1,((18,19),20))));
((2,(3,(4,((6,5),(7,8))))),(((14,(15,16)),(17,(18,19))),(1,(((10,11),(12,13)),(20,9)))));
((1,(2,(3,(4,((6,5),7))))),(((((10,11),(12,13)),(14,((15,8),16))),17),((18,19),(20,9))));
((3,(4,((6,5),(7,8)))),((((14,(15,16)),2),(17,(18,19))),(1,(((10,11),(12,13)),(20,9)))));
((1,(3,(4,((6,5),(7,8))))),(((((10,11),(12,13)),((14,(15,16)),2)),17),((18,19),(20,9))));
((2,((3,(4,((6,5),7))),9)),(((((10,11),(12,13)),(14,((15,8),16))),(17,(18,19))),(1,20)));
((1,((3,(4,((6,5),7))),9)),(((((10,11),(12,13)),((14,((15,8),16)),2)),(17,(18,19))),20));
((1,(2,(3,(4,((6,5),7))))),(((14,((15,8),16)),(17,(18,19))),(((10,11),(12,13)),(20,9))));
((3,(4,((6,5),7))),((((14,((15,8),16)),2),(17,(18,19))),(1,(((10,11),(12,13)),(20,9)))));
((3,(4,((6,5),7))),(((((10,11),(12,13)),((14,((15,8),16)),2)),(17,(18,19))),(1,(20,9))));
