(((10,(2,11)),((1,3),(((5,6),7),9))),((16,8),(((((12,13),(14,15)),18),17),((19,20),4))));
(((10,11),((1,2),((((5,6),7),8),9))),(16,((3,(((12,13),(14,15)),(17,18))),((19,20),4))));
(((10,(2,11)),((1,3),(4,(((5,6),7),8)))),(((((12,13),(14,15)),16),(19,20)),((17,9),18)));
(((10,11),((1,2),(4,(((5,6),7),8)))),((((12,13),(14,15)),16),((3,((17,9),18)),(19,20))));
(((10,(2,11)),((1,3),((((5,6),7),8),9))),(((((12,13),(14,15)),16),((19,20),4)),(17,18)));
(((10,(2,11)),((1,3),(4,(((5,6),7),8)))),((((12,13),15),16),(((17,9),18),((19,14),20))));
(((10,(2,11)),(1,((5,6),7))),(((((12,13),15),(16,8)),(((19,14),20),4)),(3,((17,9),18))));
(((10,11),(((1,2),3),((((5,6),7),8),9))),((16,((19,20),4)),(((12,13),(14,15)),(17,18))));
(((10,(2,11)),((1,3),((5,6),7))),((16,8),(((((12,13),15),18),(17,9)),(((19,14),20),4))));
(((10,11),(((1,2),3),((5,6),7))),(((16,8),((19,20),4)),((((12,13),(14,15)),18),(17,9))));
