(((((5,(6,7)),8),(9,10)),((((11,12),(13,(1,2))),14),(15,16))),((18,(19,(20,17))),(3,4)));
(((((5,(6,7)),8),(9,10)),((((11,12),13),14),(15,16))),(((17,18),(19,20)),((1,2),(3,4))));
(((3,4),((((5,(6,7)),8),(9,10)),((((11,12),(13,1)),14),(15,(16,2))))),((17,18),(19,20)));
(((((11,12),13),14),(15,16)),(((17,18),((19,20),(((5,(6,7)),8),(9,10)))),((1,2),(3,4))));
(((((11,12),(13,1)),14),(15,(16,2))),((18,((19,(20,17)),(((5,(6,7)),8),(9,10)))),(3,4)));
(((((11,12),(13,(1,2))),14),(15,16)),(((17,18),((19,20),(((5,(6,7)),8),(9,10)))),(3,4)));
(((1,(3,4)),((((11,12),13),14),(15,(16,2)))),(18,((19,(20,17)),(((5,(6,7)),8),(9,10)))));
(((3,4),((((11,12),(13,(1,2))),14),(15,16))),(18,((19,(20,17)),(((5,(6,7)),8),(9,10)))));
(((3,4),((((5,(6,7)),8),(9,10)),((((11,12),(13,1)),14),(15,(16,2))))),(18,(19,(20,17))));
((((1,2),(3,4)),((((5,(6,7)),8),(9,10)),((((11,12),13),14),(15,16)))),((17,18),(19,20)));
