((((1,((8,(9,10)),11)),(((2,3),4),(12,13))),(14,15)),((18,(19,20)),((16,(7,17)),(5,6))));
((((1,((8,(9,10)),11)),(12,13)),(6,(14,15))),((18,(19,20)),((16,(7,17)),(((2,3),4),5))));
((5,(((7,((9,10),11)),(((1,(2,3)),4),(12,13))),(6,(14,15)))),((18,(19,20)),((16,8),17)));
((5,(((1,(7,11)),(((2,3),4),(12,13))),(6,(14,15)))),((18,(19,20)),((16,8),((9,10),17))));
((((1,(7,((9,10),11))),(((2,3),4),(12,13))),(14,15)),((18,(19,20)),(((16,8),17),(5,6))));
(((((9,10),11),(12,13)),(6,(14,15))),((18,(19,20)),(((16,8),(7,17)),(((1,(2,3)),4),5))));
((((((2,3),4),5),6),(((1,((9,10),11)),(12,13)),(14,15))),((18,(19,20)),((16,8),(7,17))));
((((1,(7,11)),(((2,3),4),(12,13))),(6,(14,15))),((18,(19,20)),((16,((8,(9,10)),17)),5)));
((((1,(7,11)),(12,13)),(14,15)),((18,(19,20)),(((16,8),((9,10),17)),((((2,3),4),5),6))));
((((1,((9,10),11)),(((2,3),4),(12,13))),(6,(14,15))),((18,(19,20)),(((16,8),(7,17)),5)));
(((5,6),(((7,((9,10),11)),(((1,(2,3)),4),(12,13))),(14,15))),((18,(19,20)),((16,8),17)));
(((5,6),((((8,(9,10)),11),(((1,(2,3)),4),(12,13))),(14,15))),((18,(19,20)),(16,(7,17))));
((5,((11,(((1,(2,3)),4),(12,13))),(6,(14,15)))),((18,(19,20)),((16,8),(7,((9,10),17)))));
((((1,(7,11)),(12,13)),(14,15)),((18,(19,20)),((16,((8,(9,10)),17)),((((2,3),4),5),6))));
((((1,(7,11)),(12,13)),(6,(14,15))),((18,(19,20)),((16,((8,(9,10)),17)),(((2,3),4),5))));
((((1,(7,11)),(12,13)),(6,(14,15))),((18,(19,20)),(((16,8),((9,10),17)),(((2,3),4),5))));
((((((2,3),4),5),6),(((1,11),(12,13)),(14,15))),((18,(19,20)),(16,(7,((8,(9,10)),17)))));
((((7,11),(((1,(2,3)),4),(12,13))),(14,15)),((18,(19,20)),(((16,8),((9,10),17)),(5,6))));
(((((1,(2,3)),4),5),(((7,11),(12,13)),(6,(14,15)))),((18,(19,20)),(16,((8,(9,10)),17))));
(((((1,(2,3)),4),5),(((7,((9,10),11)),(12,13)),(6,(14,15)))),((18,(19,20)),((16,8),17)));
