(((6,((7,8),9)),(10,11)),((((12,13),14),(15,16)),(((1,(2,3)),(4,(17,(18,19)))),(20,5))));
((6,9),((((10,11),((12,13),14)),(15,16)),((1,(4,((2,3),(17,((18,19),(7,8)))))),(20,5))));
((((5,6),((7,8),9)),10),((14,(15,16)),(((12,13),(1,(4,((2,3),((11,17),(18,19)))))),20)));
(((1,(2,3)),(6,9)),(((10,14),15),(((12,13),(4,((11,17),((18,19),(7,8))))),(16,(20,5)))));
(((1,((5,6),((7,8),9))),10),((((12,13),14),(15,16)),((4,((2,3),((11,17),(18,19)))),20)));
((((1,4),((5,6),9)),(10,11)),((14,(15,16)),(((12,13),((2,3),(17,((18,19),(7,8))))),20)));
((((1,(2,3)),4),((5,6),((7,8),9))),(((10,((12,13),14)),(15,16)),(((11,17),(18,19)),20)));
(((6,9),10),((((12,13),14),(15,16)),((((1,(2,3)),4),((11,17),((18,19),(7,8)))),(20,5))));
((((1,(2,3)),4),(6,9)),(((10,14),(15,16)),(((12,13),((11,17),((18,19),(7,8)))),(20,5))));
(((6,9),(10,11)),((14,(15,16)),(((12,13),(((1,(2,3)),4),(17,((18,19),(7,8))))),(20,5))));
((((5,6),((7,8),9)),10),((14,15),(((12,13),(((1,(2,3)),4),((11,17),(18,19)))),(16,20))));
(((6,((7,8),9)),10),((((12,13),14),(15,16)),((((1,(2,3)),4),((11,17),(18,19))),(20,5))));
(((6,9),10),((((12,13),14),(15,16)),((1,(4,((2,3),((11,17),((18,19),(7,8)))))),(20,5))));
((((5,6),9),(10,11)),((14,15),(((12,13),(1,(4,((2,3),(17,((18,19),(7,8))))))),(16,20))));
((6,9),((((10,11),((12,13),14)),15),(((1,4),((2,3),(17,((18,19),(7,8))))),(16,(20,5)))));
((((1,4),((5,6),9)),(10,11)),((((12,13),14),(15,16)),(((2,3),(17,((18,19),(7,8)))),20)));
(((1,4),((5,6),((7,8),9))),(((10,14),(15,16)),(((12,13),((2,3),((11,17),(18,19)))),20)));
((((1,4),(6,9)),(10,11)),((((12,13),14),(15,16)),(((2,3),(17,((18,19),(7,8)))),(20,5))));
(((6,((7,8),9)),10),((14,15),(((12,13),(((1,(2,3)),4),((11,17),(18,19)))),(16,(20,5)))));
((1,((5,6),((7,8),9))),(((10,14),15),(((12,13),(4,((2,3),((11,17),(18,19))))),(16,20))));
