((((((10,(11,12)),13),14),((7,8),1)),15),((4,5),(((9,(16,(2,3))),17),(((18,19),20),6))));
((((((7,8),1),(9,(((10,(11,12)),13),14))),15),((4,5),(((2,(18,19)),20),6))),((16,3),17));
((((7,8),(((10,(11,12)),13),14)),15),((1,((4,5),6)),(((9,(16,3)),17),((2,19),(18,20)))));
((((7,8),(((10,(11,12)),13),14)),15),((1,(4,5)),(((9,(16,3)),17),(((2,(18,19)),20),6))));
((((4,5),(((((10,(11,12)),13),14),((7,8),1)),15)),((19,(18,20)),6)),((9,(16,(2,3))),17));
(((4,5),((9,((((10,(11,12)),13),14),((7,8),1))),15)),(((16,3),17),(((2,(18,19)),20),6)));
((((1,((2,3),(4,5))),(((((10,(11,12)),13),14),(7,8)),15)),(((18,19),20),6)),((9,16),17));
((((4,5),6),(((((10,(11,12)),13),14),((7,8),1)),15)),(((9,(16,3)),17),((2,19),(18,20))));
((((4,5),6),((((7,8),1),(9,(((10,(11,12)),13),14))),15)),(((16,(2,3)),17),((18,19),20)));
(((1,((4,5),6)),(((((10,(11,12)),13),14),(7,8)),15)),(((9,(16,3)),17),((2,(18,19)),20)));
((((((7,8),1),(((10,(11,12)),13),14)),15),(((4,5),6),((2,19),(18,20)))),((9,(16,3)),17));
((((((10,(11,12)),13),14),(7,8)),15),((1,(4,5)),(((9,(16,(2,3))),17),(((18,19),20),6))));
(((4,5),((9,((((10,(11,12)),13),14),((7,8),1))),15)),(((16,(2,3)),17),(((18,19),20),6)));
((((2,3),(4,5)),(((((10,(11,12)),13),14),((7,8),1)),15)),(((9,16),17),((19,(18,20)),6)));
(((((7,8),1),(9,(((10,(11,12)),13),14))),15),(((3,(4,5)),6),((16,17),((2,(18,19)),20))));
(((((((10,(11,12)),13),14),(7,8)),15),((1,(4,5)),(((18,19),20),6))),((9,(16,(2,3))),17));
((((9,((((10,(11,12)),13),14),((7,8),1))),15),((((2,3),(4,5)),6),(19,(18,20)))),(16,17));
((((9,((((10,(11,12)),13),14),((7,8),1))),15),((3,(4,5)),(((2,(18,19)),20),6))),(16,17));
((((((2,3),(4,5)),6),((((7,8),1),(((10,(11,12)),13),14)),15)),(19,(18,20))),((9,16),17));
(((9,((((10,(11,12)),13),14),(7,8))),15),((1,((4,5),6)),(((16,(2,3)),17),(19,(18,20)))));
