((((((1,2),5),(3,(6,4))),10),(((14,(15,((16,17),18))),19),(20,((7,8),9)))),(11,(12,13)));
((((((1,2),(4,5)),(3,6)),(9,10)),(((14,(15,((16,17),18))),19),(20,(7,8)))),(11,(12,13)));
(((((1,2),5),(3,(6,4))),10),((((14,(15,((16,17),18))),19),(20,((7,8),9))),(11,(12,13))));
(((((1,2),(3,5)),(6,4)),10),((((14,(15,((16,17),18))),19),(20,((7,8),9))),(11,(12,13))));
(((((1,2),(4,5)),(3,6)),(9,10)),((((14,(15,((16,17),18))),19),(20,(7,8))),(11,(12,13))));
((((((1,2),(4,5)),(3,6)),(7,8)),(9,10)),((((14,(15,((16,17),18))),19),20),(11,(12,13))));
((((((1,2),(3,(4,5))),6),((7,8),9)),10),((((14,(15,((16,17),18))),19),20),(11,(12,13))));
((((((1,2),(4,5)),(3,6)),10),(((14,(15,((16,17),18))),19),(20,((7,8),9)))),(11,(12,13)));
((((((1,2),(3,(4,5))),6),(7,8)),(9,10)),((((14,(15,((16,17),18))),19),20),(11,(12,13))));
((((((1,2),5),(3,(6,4))),((7,8),9)),10),((((14,(15,((16,17),18))),19),20),(11,(12,13))));
((((((1,2),(3,5)),(6,4)),(7,8)),(9,10)),((((14,(15,((16,17),18))),19),20),(11,(12,13))));
(((((((1,2),(3,(4,5))),6),((7,8),9)),10),(((14,(15,((16,17),18))),19),20)),(11,(12,13)));
((((((1,2),(3,5)),(6,4)),10),(((14,(15,((16,17),18))),19),(20,((7,8),9)))),(11,(12,13)));
(((((1,2),5),(3,(6,4))),(9,10)),((((14,(15,((16,17),18))),19),(20,(7,8))),(11,(12,13))));
(((((1,2),(3,(4,5))),6),(9,10)),((((14,(15,((16,17),18))),19),(20,(7,8))),(11,(12,13))));
(((((((1,2),5),(3,(6,4))),(7,8)),(9,10)),(((14,(15,((16,17),18))),19),20)),(11,(12,13)));
(((((((1,2),5),(3,(6,4))),((7,8),9)),10),(((14,(15,((16,17),18))),19),20)),(11,(12,13)));
((((((1,2),(4,5)),(3,6)),((7,8),9)),10),((((14,(15,((16,17),18))),19),20),(11,(12,13))));
(((((1,2),(3,5)),(6,4)),(9,10)),((((14,(15,((16,17),18))),19),(20,(7,8))),(11,(12,13))));
(((((((1,2),(3,5)),(6,4)),((7,8),9)),10),(((14,(15,((16,17),18))),19),20)),(11,(12,13)));
