((((1,2),(((3,4),(6,7)),((((12,13),14),15),16))),(17,18)),(((8,((9,10),11)),19),(5,20)));
(((((3,4),(7,(8,((9,10),11)))),((1,2),16)),(((((12,13),14),15),17),18)),((19,6),(5,20)));
((((3,(((5,6),7),(8,((9,10),11)))),((1,2),16)),(((((12,13),14),15),17),18)),(19,(4,20)));
((((3,(7,((9,10),11))),((1,2),((((12,13),14),15),16))),(17,18)),((19,(5,6)),(4,(8,20))));
(((((3,4),((1,2),16)),18),((((12,13),14),15),17)),((6,7),(((8,((9,10),11)),19),(5,20))));
((((3,((1,2),((((12,13),14),15),16))),18),17),((7,(8,((9,10),11))),((19,6),(4,(5,20)))));
((((1,2),(3,((((12,13),14),15),16))),(17,18)),(7,((((8,((9,10),11)),19),6),(4,(5,20)))));
((((3,(((5,6),7),((9,10),11))),((1,2),((((12,13),14),15),16))),(17,18)),(19,(4,(8,20))));
((((1,2),((3,(((5,6),7),(8,((9,10),11)))),((((12,13),14),15),16))),(17,18)),(19,(4,20)));
(((((3,((6,7),((9,10),11))),((1,2),((((12,13),14),15),16))),18),17),(19,(4,(5,(8,20)))));
(((((1,2),((3,4),16)),18),((((12,13),14),15),17)),(((5,6),7),(((8,((9,10),11)),19),20)));
((((1,2),(((3,4),(7,((9,10),11))),((((12,13),14),15),16))),(17,18)),((19,6),(5,(8,20))));
(((((1,2),(((3,4),(6,7)),16)),18),((((12,13),14),15),17)),(((8,((9,10),11)),19),(5,20)));
((((((3,4),(7,(8,((9,10),11)))),((1,2),((((12,13),14),15),16))),18),17),((19,6),(5,20)));
(((((1,2),(((3,4),(7,((9,10),11))),16)),18),((((12,13),14),15),17)),((19,(5,6)),(8,20)));
((((3,4),((1,2),((((12,13),14),15),16))),(17,18)),(((5,6),7),(((8,((9,10),11)),19),20)));
((((1,2),((3,4),16)),(((((12,13),14),15),17),18)),(((5,6),7),((((9,10),11),19),(8,20))));
(((3,((1,2),16)),(((((12,13),14),15),17),18)),((6,7),(((8,((9,10),11)),19),(4,(5,20)))));
(((((3,4),((1,2),((((12,13),14),15),16))),18),17),((6,7),(((8,((9,10),11)),19),(5,20))));
(((((3,4),(7,(8,((9,10),11)))),((1,2),((((12,13),14),15),16))),(17,18)),((19,6),(5,20)));
