(((1,((2,3),4)),(((6,((8,9),10)),(11,12)),(13,(5,(((14,15),16),7))))),(20,((17,18),19)));
(((1,((2,3),4)),((((8,9),10),(11,12)),13)),((((20,19),16),((14,15),(17,18))),((5,6),7)));
(((1,4),((((5,6),((8,9),((2,3),10))),(11,12)),13)),(((20,19),16),(((14,15),7),(17,18))));
(((1,4),((((6,7),((8,9),((2,3),10))),(11,12)),(13,(5,(14,15))))),(((20,19),16),(17,18)));
(((1,((2,3),4)),(((((5,6),7),((8,9),10)),(11,12)),(13,((14,15),16)))),((20,19),(17,18)));
(((1,((2,3),4)),((((8,9),10),(11,12)),(13,(5,(((14,15),16),7))))),((20,((17,18),19)),6));
(((1,4),(((6,((8,9),((2,3),10))),(11,12)),13)),((20,16),((5,((14,15),7)),((17,18),19))));
(((1,4),((((6,7),((8,9),((2,3),10))),(11,12)),(13,(5,((14,15),16))))),(20,((17,18),19)));
(((1,((2,3),4)),((((5,6),((8,9),10)),(11,12)),13)),(((20,19),16),(((14,15),7),(17,18))));
(((1,((2,3),4)),((((8,9),10),(11,12)),13)),((20,((5,((14,15),16)),((17,18),19))),(6,7)));
(((1,((2,3),4)),((((8,9),10),(11,12)),13)),(((20,16),((14,15),((17,18),19))),((5,6),7)));
(((1,4),(((((5,6),7),((8,9),((2,3),10))),(11,12)),(13,((14,15),16)))),((20,19),(17,18)));
(((1,((2,3),4)),((((8,9),10),(11,12)),13)),(((20,16),((5,((14,15),7)),((17,18),19))),6));
(((1,((2,3),4)),(((6,((8,9),10)),(11,12)),13)),(20,((5,(((14,15),16),7)),((17,18),19))));
(((1,4),((((8,9),((2,3),10)),(11,12)),13)),((20,((5,((14,15),16)),((17,18),19))),(6,7)));
(((1,((2,3),4)),(((6,((8,9),10)),(11,12)),13)),((20,16),((5,((14,15),7)),((17,18),19))));
(((1,4),((((8,9),((2,3),10)),(11,12)),(13,(((14,15),16),7)))),(((20,19),(17,18)),(5,6)));
(((1,4),(((6,((8,9),((2,3),10))),(11,12)),(13,(5,((14,15),7))))),((20,16),((17,18),19)));
(((1,((2,3),4)),((((8,9),10),(11,12)),13)),((((20,19),16),((5,((14,15),7)),(17,18))),6));
(((1,4),((((8,9),((2,3),10)),(11,12)),(13,(14,15)))),((((20,19),16),(17,18)),((5,6),7)));
