(((((2,3),(4,5)),1),(((((9,10),11),(7,8)),12),(((14,15),16),((17,18),6)))),(19,(13,20)));
(((((2,3),(4,5)),1),(((((9,10),11),(7,8)),(12,13)),(((14,15),16),((17,18),6)))),(19,20));
((((((2,3),(4,5)),(7,8)),1),((((9,10),11),(12,13)),(((14,15),16),((17,18),6)))),(19,20));
((((((2,3),(4,5)),(6,(7,8))),1),((((9,10),11),12),(((14,15),16),(17,18)))),(19,(13,20)));
(((((2,3),(4,5)),1),((((9,10),11),(7,8)),(12,13))),((19,20),(((14,15),16),((17,18),6))));
(((((2,3),(4,5)),1),(((((9,10),11),(6,(7,8))),(12,13)),(((14,15),16),(17,18)))),(19,20));
(((((2,3),(4,5)),1),(((((9,10),11),(6,(7,8))),12),(((14,15),16),(17,18)))),(19,(13,20)));
(((((2,3),(4,5)),1),((((9,10),11),(6,(7,8))),12)),((19,(13,20)),(((14,15),16),(17,18))));
(((((2,3),(4,5)),1),((((9,10),11),(7,8)),12)),((19,(13,20)),(((14,15),16),((17,18),6))));
((((((2,3),(4,5)),(7,8)),1),(((9,10),11),(12,13))),((19,(((14,15),16),((17,18),6))),20));
(((((2,3),(4,5)),1),((((9,10),11),(6,(7,8))),(12,13))),((19,20),(((14,15),16),(17,18))));
((((((2,3),(4,5)),(6,(7,8))),1),(((9,10),11),(12,13))),((19,(((14,15),16),(17,18))),20));
(((((2,3),(4,5)),1),((((9,10),11),(6,(7,8))),12)),((19,(((14,15),16),(17,18))),(13,20)));
((((((2,3),(4,5)),(6,(7,8))),1),((((9,10),11),(12,13)),(((14,15),16),(17,18)))),(19,20));
((((((2,3),(4,5)),(6,(7,8))),1),(((9,10),11),12)),((19,(13,20)),(((14,15),16),(17,18))));
((((((2,3),(4,5)),(7,8)),1),(((9,10),11),12)),((19,(((14,15),16),((17,18),6))),(13,20)));
(((((2,3),(4,5)),1),((((9,10),11),(7,8)),(12,13))),((19,(((14,15),16),((17,18),6))),20));
((((((2,3),(4,5)),(7,8)),1),(((9,10),11),(12,13))),((19,20),(((14,15),16),((17,18),6))));
((((((2,3),(4,5)),(7,8)),1),((((9,10),11),12),(((14,15),16),((17,18),6)))),(19,(13,20)));
((((((2,3),(4,5)),(7,8)),1),(((9,10),11),12)),((19,(13,20)),(((14,15),16),((17,18),6))));
