(20,(((3,(4,6)),((7,8),((9,(10,11)),12))),(13,(((14,15),(16,17)),((5,(2,18)),(19,1))))));
(20,((((2,3),(4,(5,6))),((7,8),((9,(10,11)),12))),(((14,15),((13,16),17)),(18,(19,1)))));
(20,((((1,(2,3)),(4,(5,6))),((7,8),((9,(10,11)),12))),(13,(((14,15),(16,17)),(18,19)))));
(20,((7,8),(13,(((((14,15),((9,(10,11)),12)),(16,17)),((5,(2,18)),19)),((1,3),(4,6))))));
(20,((7,8),(13,(((((14,15),((9,(10,11)),12)),(16,17)),((2,18),19)),((1,3),(4,(5,6)))))));
(20,((((1,3),(4,(5,6))),((7,8),((9,(10,11)),12))),(((14,15),((13,16),17)),((2,18),19))));
(20,((((1,(2,3)),(4,6)),(7,8)),(13,((((14,15),((9,(10,11)),12)),(16,17)),((5,18),19)))));
(20,((((2,3),(4,6)),(7,8)),((((14,15),((9,(10,11)),12)),((13,16),17)),((5,18),(19,1)))));
(20,((((1,3),(4,(5,6))),(7,8)),((((14,15),((9,(10,11)),12)),((13,16),17)),((2,18),19))));
(20,((7,8),(13,(((((14,15),((9,(10,11)),12)),(16,17)),((5,18),(19,1))),((2,3),(4,6))))));
(20,((7,8),(13,(((((14,15),((9,(10,11)),12)),(16,17)),(18,(19,1))),((2,3),(4,(5,6)))))));
(20,((((2,3),(4,6)),(7,8)),(13,((((14,15),((9,(10,11)),12)),(16,17)),((5,18),(19,1))))));
(20,(((3,(4,6)),(7,8)),(13,((((14,15),((9,(10,11)),12)),(16,17)),((5,(2,18)),(19,1))))));
(20,((7,8),(((((14,15),((9,(10,11)),12)),((13,16),17)),((5,18),(19,1))),((2,3),(4,6)))));
(20,(((7,8),((9,(10,11)),12)),((((14,15),((13,16),17)),((5,18),(19,1))),((2,3),(4,6)))));
(20,((7,8),(((((14,15),((9,(10,11)),12)),((13,16),17)),(18,(19,1))),((2,3),(4,(5,6))))));
(20,(((7,8),((9,(10,11)),12)),(13,((((14,15),(16,17)),(18,19)),((1,(2,3)),(4,(5,6)))))));
(20,(((3,(4,(5,6))),((7,8),((9,(10,11)),12))),(((14,15),((13,16),17)),((2,18),(19,1)))));
(20,(((7,8),((9,(10,11)),12)),((((14,15),((13,16),17)),((5,(2,18)),(19,1))),(3,(4,6)))));
(20,(((7,8),((9,(10,11)),12)),((((14,15),((13,16),17)),((2,18),19)),((1,3),(4,(5,6))))));
