(((1,2),((3,4),((5,(6,7)),(8,9)))),(10,(((11,(((16,17),18),19)),20),((12,13),(14,15)))));
(((1,2),(3,4)),((10,11),((((((16,17),18),19),20),((5,(6,7)),(8,9))),((12,13),(14,15)))));
(((1,2),(3,4)),((10,11),((((13,(((16,17),18),19)),20),((5,(6,7)),(8,9))),(12,(14,15)))));
(((1,2),(3,4)),(10,((((11,(((16,17),18),19)),20),((5,(6,7)),(8,9))),((12,13),(14,15)))));
(((1,2),((3,4),((5,(6,7)),(8,9)))),(10,(((11,(13,(((16,17),18),19))),20),(12,(14,15)))));
(((1,2),((3,4),(5,(6,7)))),((10,11),((((8,9),(13,(((16,17),18),19))),20),(12,(14,15)))));
(((1,2),(3,4)),(10,(((((8,9),(11,(((16,17),18),19))),20),(5,(6,7))),((12,13),(14,15)))));
(((1,2),(3,4)),((10,11),(((((8,9),(13,(((16,17),18),19))),20),(5,(6,7))),(12,(14,15)))));
(((1,2),(3,4)),(10,((((8,9),((11,(13,(((16,17),18),19))),20)),(5,(6,7))),(12,(14,15)))));
(((1,2),((3,4),(5,(6,7)))),(10,(((8,9),((11,(13,(((16,17),18),19))),20)),(12,(14,15)))));
(((1,2),(3,4)),(10,((((11,(13,(((16,17),18),19))),20),((5,(6,7)),(8,9))),(12,(14,15)))));
(((1,2),((3,4),((5,(6,7)),(8,9)))),((10,11),(((((16,17),18),19),20),((12,13),(14,15)))));
(((1,2),(3,4)),((10,11),((((8,9),((((16,17),18),19),20)),(5,(6,7))),((12,13),(14,15)))));
(((1,2),((3,4),(5,(6,7)))),((10,11),((((8,9),(((16,17),18),19)),20),((12,13),(14,15)))));
(((1,2),((3,4),(5,(6,7)))),(10,(((8,9),((11,(((16,17),18),19)),20)),((12,13),(14,15)))));
(((1,2),((3,4),((5,(6,7)),(8,9)))),((10,11),(((13,(((16,17),18),19)),20),(12,(14,15)))));
(((1,2),(3,4)),((10,11),((((8,9),((13,(((16,17),18),19)),20)),(5,(6,7))),(12,(14,15)))));
(((1,2),((3,4),(5,(6,7)))),(10,((((8,9),(11,(13,(((16,17),18),19)))),20),(12,(14,15)))));
(((1,2),((3,4),(5,(6,7)))),((10,11),(((8,9),((13,(((16,17),18),19)),20)),(12,(14,15)))));
(((1,2),(3,4)),(10,(((((8,9),(11,(13,(((16,17),18),19)))),20),(5,(6,7))),(12,(14,15)))));
