((1,((2,3),((4,5),6))),(7,((((((8,9),10),((11,12),13)),14),(((15,16),17),(18,19))),20)));
((4,6),(7,(1,(((((((8,5),9),10),((11,12),13)),(14,(2,3))),(((15,16),17),(18,19))),20))));
((7,((4,5),6)),(1,((((((8,9),10),((11,12),13)),(14,(2,3))),(((15,16),17),(18,19))),20)));
((7,(1,((2,3),(4,6)))),(((((((8,5),9),10),((11,12),13)),14),(((15,16),17),(18,19))),20));
(((2,3),(4,6)),(7,(1,(((((((8,5),9),10),((11,12),13)),14),(((15,16),17),(18,19))),20))));
((7,((2,3),(4,6))),(1,(((((((8,5),9),10),((11,12),13)),14),(((15,16),17),(18,19))),20)));
((1,((2,3),(4,6))),(7,(((((((8,5),9),10),((11,12),13)),14),(((15,16),17),(18,19))),20)));
((7,(4,6)),(1,(((((((8,5),9),10),((11,12),13)),(14,(2,3))),(((15,16),17),(18,19))),20)));
((7,(1,((4,5),6))),((((((8,9),10),((11,12),13)),(14,(2,3))),(((15,16),17),(18,19))),20));
(((2,3),((4,5),6)),(7,(1,((((((8,9),10),((11,12),13)),14),(((15,16),17),(18,19))),20))));
(((4,5),6),(7,(1,((((((8,9),10),((11,12),13)),(14,(2,3))),(((15,16),17),(18,19))),20))));
((7,(1,((2,3),((4,5),6)))),((((((8,9),10),((11,12),13)),14),(((15,16),17),(18,19))),20));
((7,((2,3),((4,5),6))),(1,((((((8,9),10),((11,12),13)),14),(((15,16),17),(18,19))),20)));
((1,((4,5),6)),(7,((((((8,9),10),((11,12),13)),(14,(2,3))),(((15,16),17),(18,19))),20)));
((7,(1,(4,6))),(((((((8,5),9),10),((11,12),13)),(14,(2,3))),(((15,16),17),(18,19))),20));
((1,(4,6)),(7,(((((((8,5),9),10),((11,12),13)),(14,(2,3))),(((15,16),17),(18,19))),20)));
