((((((1,2),(5,6)),((7,8),10)),((12,(13,14)),(3,11))),((15,9),((16,17),4))),((19,20),18));
(((((((1,2),(3,((4,5),6))),10),11),(12,(13,14))),((16,17),18)),((15,9),(19,((7,8),20))));
((((((1,2),(5,6)),(((7,8),9),10)),((12,(13,14)),(3,11))),((16,17),4)),((15,(19,20)),18));
((((((1,2),(3,((4,5),6))),((7,8),10)),((12,(13,14)),11)),((15,9),(16,17))),((19,20),18));
(((((((1,2),(3,((4,5),6))),((7,8),10)),11),(12,(13,14))),(((15,9),(16,17)),18)),(19,20));
(((((((1,2),((4,5),6)),((7,8),10)),(3,11)),(12,(13,14))),((16,17),18)),((15,9),(19,20)));
(((((((1,2),((4,5),6)),10),(3,11)),(12,(13,14))),((16,17),18)),((15,9),(19,((7,8),20))));
(((((((1,2),((4,5),6)),10),(3,11)),(12,(13,14))),(((15,9),(16,17)),18)),(19,((7,8),20)));
(((((((1,2),(3,(5,6))),10),11),(12,(13,14))),(((16,17),4),18)),((15,9),(19,((7,8),20))));
((((((1,2),((4,5),6)),(((7,8),9),10)),((12,(13,14)),(3,11))),(15,(16,17))),((19,20),18));
(((((((1,2),((4,5),6)),(((7,8),9),10)),((12,(13,14)),(3,11))),(16,17)),18),(15,(19,20)));
((((((1,2),(5,6)),((7,8),10)),((12,(13,14)),(3,11))),(((15,9),((16,17),4)),18)),(19,20));
(((((((1,2),(3,(5,6))),10),11),(12,(13,14))),((15,9),((16,17),4))),((19,((7,8),20)),18));
(((((((1,2),(5,6)),10),(3,11)),(12,(13,14))),((16,17),4)),(((15,9),(19,((7,8),20))),18));
((((((1,2),(5,6)),10),((12,(13,14)),(3,11))),((15,((16,17),4)),18)),(19,(((7,8),9),20)));
((((((((1,2),(3,(5,6))),10),11),(12,(13,14))),((15,9),((16,17),4))),18),(19,((7,8),20)));
(((((((1,2),(3,(5,6))),(((7,8),9),10)),((12,(13,14)),11)),((16,17),4)),18),(15,(19,20)));
((((((1,2),(3,((4,5),6))),(((7,8),9),10)),((12,(13,14)),11)),((15,(16,17)),18)),(19,20));
(((((((1,2),(3,((4,5),6))),(((7,8),9),10)),((12,(13,14)),11)),(15,(16,17))),18),(19,20));
(((((((1,2),(3,((4,5),6))),10),((12,(13,14)),11)),(16,17)),18),((15,9),(19,((7,8),20))));
