(((2,(1,((3,4),(5,6)))),11),((((7,(8,9)),(12,13)),((15,16),(10,((14,18),17)))),(19,20)));
((((2,(1,((3,4),(5,6)))),11),(((7,(8,9)),(12,13)),(19,20))),(10,(((18,16),17),(14,15))));
(((((7,(8,9)),10),11),((12,13),((2,(1,(3,4))),((5,6),(19,20))))),(((18,16),17),(14,15)));
(((2,(1,((3,4),(5,6)))),11),(((12,13),(((7,(8,9)),10),((18,17),((14,15),16)))),(19,20)));
((((2,(1,((3,4),(5,6)))),(((7,(8,9)),10),11)),((12,13),(19,20))),((((14,18),16),17),15));
((((2,(1,(3,4))),(((7,(8,9)),10),11)),((12,13),((5,6),(19,20)))),(((18,16),17),(14,15)));
((11,(((7,(8,9)),(12,13)),(((1,2),(3,4)),((5,6),(19,20))))),(10,((((14,18),16),17),15)));
((11,(((7,(8,9)),(12,13)),(((1,2),(3,4)),((5,6),(19,20))))),(((14,15),16),(10,(18,17))));
((((2,(1,(3,4))),11),(((7,(8,9)),(12,13)),((5,6),(19,20)))),(((14,15),16),(10,(18,17))));
(((10,11),(((7,(8,9)),(12,13)),(((1,2),(3,4)),((5,6),(19,20))))),(((14,18),17),(15,16)));
(((2,(1,(3,4))),(((7,(8,9)),10),11)),(((12,13),(((18,16),17),(14,15))),((5,6),(19,20))));
((((1,2),(3,4)),(((7,(8,9)),10),11)),(((12,13),((((14,18),16),17),15)),((5,6),(19,20))));
(((((7,(8,9)),10),11),((12,13),((2,(1,(3,4))),((5,6),(19,20))))),((((14,18),16),17),15));
((((2,(1,((3,4),(5,6)))),11),(((7,(8,9)),(12,13)),(19,20))),(((14,15),16),(10,(18,17))));
(11,(((12,13),(15,(((7,(8,9)),10),(((14,18),16),17)))),(((1,2),(3,4)),((5,6),(19,20)))));
((((7,(8,9)),10),11),(((12,13),((18,17),((14,15),16))),((2,(1,((3,4),(5,6)))),(19,20))));
((11,(((7,(8,9)),(12,13)),((2,(1,((3,4),(5,6)))),(19,20)))),((14,15),(10,((18,16),17))));
(11,((((7,(8,9)),(12,13)),(10,((18,17),((14,15),16)))),(((1,2),((3,4),(5,6))),(19,20))));
((((2,(1,((3,4),(5,6)))),(10,11)),(((7,(8,9)),(12,13)),(19,20))),((((14,18),16),17),15));
(((10,11),(((7,(8,9)),(12,13)),(((1,2),(3,4)),((5,6),(19,20))))),((((14,18),16),17),15));
