((((1,((((2,3),4),5),(6,(7,8)))),((9,10),11)),(((13,(14,15)),16),((17,12),(18,19)))),20);
(((((2,3),4),5),(6,(7,8))),((((9,10),11),((1,(((12,13),15),16)),(17,((18,19),14)))),20));
((((((((2,3),4),5),(6,(7,8))),((9,10),11)),(1,((13,(14,15)),16))),((17,12),(18,19))),20);
((((((2,3),5),(6,(7,8))),((9,(10,4)),11)),((1,((13,(14,15)),16)),((17,12),(18,19)))),20);
((((2,3),5),(6,(7,8))),((((9,11),(1,((13,((14,(10,4)),15)),16))),((17,12),(18,19))),20));
(((((2,3),4),5),(6,(7,8))),((((9,11),20),(1,(((12,13),15),16))),(17,((18,19),(14,10)))));
(((((((2,3),4),5),(6,(7,8))),(9,11)),((1,((13,15),16)),((17,12),((18,19),(14,10))))),20);
(((((((2,3),4),5),(6,(7,8))),((9,10),11)),((1,(((12,13),15),16)),(17,((18,19),14)))),20);
(((((2,3),4),5),(6,(7,8))),(((((9,10),11),(17,(18,19))),20),(1,(((12,13),(14,15)),16))));
((((2,3),5),(6,(7,8))),((((9,(10,4)),11),((1,((13,15),16)),((17,12),((18,19),14)))),20));
(((((1,((((2,3),4),5),(6,(7,8)))),(9,11)),((17,12),(18,19))),20),((13,((14,10),15)),16));
((1,((((2,3),4),5),(6,(7,8)))),(((9,11),((((12,13),((14,10),15)),16),(17,(18,19)))),20));
(((((1,((((2,3),4),5),(6,(7,8)))),((9,10),11)),(((12,13),15),16)),(17,((18,19),14))),20);
((((2,3),5),(6,(7,8))),((((9,(10,4)),11),((1,((13,(14,15)),16)),((17,12),(18,19)))),20));
(((((2,3),4),5),(6,(7,8))),(((((9,10),11),(1,((13,(14,15)),16))),((17,12),(18,19))),20));
(((((2,3),4),5),(6,(7,8))),(((9,11),((1,((13,((14,10),15)),16)),((17,12),(18,19)))),20));
(((((1,((((2,3),4),5),(6,(7,8)))),((9,10),11)),((13,(14,15)),16)),((17,12),(18,19))),20);
((((((2,3),5),(6,(7,8))),(9,11)),((1,(((12,13),15),16)),(17,((18,19),(14,(10,4)))))),20);
((((2,3),5),(6,(7,8))),(((((9,(10,4)),11),20),(1,((13,15),16))),((17,12),((18,19),14))));
((((2,3),5),(6,(7,8))),((((9,11),(17,(18,19))),20),(1,(((12,13),((14,(10,4)),15)),16))));
