((11,(12,((9,10),5))),((((1,(3,4)),((6,7),8)),2),(((14,15),17),((18,(19,16)),(13,20)))));
((11,((10,12),9)),((((1,(3,4)),(((5,6),7),8)),2),(((14,(15,16)),17),((18,19),(13,20)))));
(((((1,2),(3,4)),((6,7),8)),((((9,10),5),11),(12,13))),(((14,15),17),((18,(19,16)),20)));
(((((1,2),(3,4)),(((5,6),7),8)),(((9,10),11),12)),(((14,15),17),((18,(19,16)),(13,20))));
((((9,5),11),(10,12)),((((3,4),((6,7),8)),2),((1,((14,15),17)),((18,(19,16)),(13,20)))));
(((((6,7),8),11),(((10,12),(9,5)),13)),((3,4),(((1,2),((14,(15,16)),17)),((18,19),20))));
(((((1,2),(3,4)),((6,7),8)),(11,((12,((9,10),5)),13))),(((14,15),17),((18,(19,16)),20)));
((11,((10,12),9)),((((1,(3,4)),(((5,6),7),8)),2),(((14,15),17),((18,(19,16)),(13,20)))));
(((((1,2),(3,4)),((6,7),8)),(11,(((10,12),(9,5)),13))),(((14,15),17),((18,(19,16)),20)));
((11,((10,12),9)),((((3,4),(((5,6),7),8)),2),((1,((14,15),17)),((18,(19,16)),(13,20)))));
(((((1,2),(3,4)),((6,7),8)),((((9,10),5),11),12)),(((14,15),17),((18,(19,16)),(13,20))));
(((((6,7),8),((9,5),11)),((10,12),13)),((3,4),(((1,2),((14,15),17)),((18,(19,16)),20))));
((11,(((10,12),(9,5)),13)),((((1,2),(3,4)),((6,7),8)),(((14,15),17),((18,(19,16)),20))));
((((((5,6),7),8),((9,10),11)),12),((3,4),(((1,2),((14,15),17)),((18,(19,16)),(13,20)))));
((((3,4),((6,7),8)),(11,(((10,12),(9,5)),13))),(((1,2),((14,15),17)),((18,(19,16)),20)));
(((((9,10),5),11),12),((((3,4),((6,7),8)),2),((1,((14,15),17)),((18,(19,16)),(13,20)))));
(((((6,7),8),11),((12,((9,10),5)),13)),(((3,4),2),((1,((14,(15,16)),17)),((18,19),20))));
((((1,(3,4)),2),((((6,7),8),(((9,10),5),11)),12)),(((14,15),17),((18,(19,16)),(13,20))));
(((((9,10),5),11),(12,13)),((((1,2),(3,4)),((6,7),8)),(((14,15),17),((18,(19,16)),20))));
(((((1,(3,4)),(((5,6),7),8)),2),(11,(((10,12),9),13))),(((14,15),17),((18,(19,16)),20)));
