(((((((7,(8,9)),((10,11),12)),13),(14,15)),(16,(18,19))),(20,17)),((1,2),((3,(4,5)),6)));
((((((8,9),((10,11),12)),((13,14),15)),((16,7),(18,19))),(20,17)),((1,2),((3,(4,5)),6)));
(((((((7,(8,9)),((10,11),12)),13),(14,15)),(16,(2,(18,19)))),(20,17)),(1,((3,(4,5)),6)));
(((((((7,(8,9)),((10,11),12)),13),(14,15)),((16,17),(2,(18,19)))),20),(1,((3,(4,5)),6)));
((((((7,(8,9)),((10,11),12)),((13,14),15)),((16,17),(18,19))),20),((1,2),((3,(4,5)),6)));
((((((7,(8,9)),((10,11),12)),((13,14),(5,15))),((16,17),(18,19))),20),((1,2),((3,4),6)));
(((((((7,(8,9)),((10,11),12)),13),(14,(5,15))),(16,(2,(18,19)))),(20,17)),(1,((3,4),6)));
(((((((8,9),((10,11),12)),13),(14,15)),((16,7),(2,(18,19)))),(20,17)),(1,((3,(4,5)),6)));
((((((8,9),((10,11),12)),((13,14),15)),(((16,17),7),(18,19))),20),((1,2),((3,(4,5)),6)));
((((((7,(8,9)),((10,11),12)),((13,14),15)),((16,17),(2,(18,19)))),20),(1,((3,(4,5)),6)));
(((((((8,9),((10,11),12)),13),(14,(5,15))),(((16,17),7),(2,(18,19)))),20),(1,((3,4),6)));
(((((((8,9),((10,11),12)),13),(14,(5,15))),(((16,17),7),(18,19))),20),((1,2),((3,4),6)));
(((((((8,9),((10,11),12)),13),(14,(5,15))),((16,7),(18,19))),(20,17)),((1,2),((3,4),6)));
((((((8,9),((10,11),12)),((13,14),(5,15))),(((16,17),7),(18,19))),20),((1,2),((3,4),6)));
(((((((8,9),((10,11),12)),13),(14,15)),(((16,17),7),(2,(18,19)))),20),(1,((3,(4,5)),6)));
((((((8,9),((10,11),12)),((13,14),(5,15))),(((16,17),7),(2,(18,19)))),20),(1,((3,4),6)));
(((((((8,9),((10,11),12)),13),(14,(5,15))),((16,7),(2,(18,19)))),(20,17)),(1,((3,4),6)));
(((((((7,(8,9)),((10,11),12)),13),(14,(5,15))),(16,(18,19))),(20,17)),((1,2),((3,4),6)));
((((((7,(8,9)),((10,11),12)),((13,14),(5,15))),(16,(2,(18,19)))),(20,17)),(1,((3,4),6)));
((((((7,(8,9)),((10,11),12)),((13,14),15)),(16,(18,19))),(20,17)),((1,2),((3,(4,5)),6)));
