(((((12,13),(8,9)),((2,(((3,4),5),6)),7)),((10,11),(((14,15),(16,(17,18))),(19,20)))),1);
((((((12,13),(8,9)),((14,15),(16,(17,18)))),7),((10,11),(19,20))),(1,(2,(((3,4),5),6))));
((((12,13),(7,(8,9))),((10,11),(((14,15),(16,(17,18))),(19,20)))),(1,(2,(((3,4),5),6))));
((((((12,13),(8,9)),((14,15),(16,(17,18)))),((2,(((3,4),5),6)),7)),((10,11),(19,20))),1);
(((((10,11),(12,13)),(((2,(((3,4),5),6)),7),(8,9))),(((14,15),(16,(17,18))),(19,20))),1);
(((((10,11),((12,13),(8,9))),((2,(((3,4),5),6)),7)),(((14,15),(16,(17,18))),(19,20))),1);
(((((10,11),(12,13)),(7,(8,9))),(((14,15),(16,(17,18))),(19,20))),(1,(2,(((3,4),5),6))));
(((((12,13),((14,15),(16,(17,18)))),(((2,(((3,4),5),6)),7),(8,9))),((10,11),(19,20))),1);
(((((10,11),((12,13),((14,15),(16,(17,18))))),(((2,(((3,4),5),6)),7),(8,9))),(19,20)),1);
(((((12,13),((14,15),(16,(17,18)))),(7,(8,9))),((10,11),(19,20))),(1,(2,(((3,4),5),6))));
(((((10,11),((12,13),(8,9))),7),(((14,15),(16,(17,18))),(19,20))),(1,(2,(((3,4),5),6))));
(((((10,11),((12,13),((14,15),(16,(17,18))))),(7,(8,9))),(19,20)),(1,(2,(((3,4),5),6))));
(((((10,11),(((12,13),(8,9)),((14,15),(16,(17,18))))),((2,(((3,4),5),6)),7)),(19,20)),1);
(((((10,11),(((12,13),(8,9)),((14,15),(16,(17,18))))),7),(19,20)),(1,(2,(((3,4),5),6))));
(((((12,13),(8,9)),7),((10,11),(((14,15),(16,(17,18))),(19,20)))),(1,(2,(((3,4),5),6))));
((((12,13),(((2,(((3,4),5),6)),7),(8,9))),((10,11),(((14,15),(16,(17,18))),(19,20)))),1);
