((((4,(5,6)),7),(((10,11),((12,(8,9)),(13,14))),(15,16))),((18,(19,20)),((1,(2,3)),17)));
(((((4,(5,6)),7),(8,9)),(((((10,11),12),(13,14)),(15,16)),((1,(2,3)),17))),(18,(19,20)));
((((1,(2,3)),((4,(5,6)),7)),((((10,11),(12,(8,9))),(13,14)),(15,16))),((18,(19,20)),17));
((((4,(5,6)),7),((((10,11),(12,(8,9))),(13,14)),(15,16))),((18,(19,20)),((1,(2,3)),17)));
(((((1,(2,3)),((4,(5,6)),7)),(8,9)),((((10,11),12),(13,14)),(15,16))),((18,(19,20)),17));
((((1,(2,3)),((4,(5,6)),7)),(((((10,11),(12,(8,9))),(13,14)),(15,16)),17)),(18,(19,20)));
(((((1,(2,3)),((4,(5,6)),7)),(8,9)),(((10,11),(12,(13,14))),(15,16))),((18,(19,20)),17));
(((((4,(5,6)),7),(8,9)),(((10,11),(12,(13,14))),(15,16))),((18,(19,20)),((1,(2,3)),17)));
((((1,(2,3)),((4,(5,6)),7)),(((10,11),((12,(8,9)),(13,14))),(15,16))),((18,(19,20)),17));
(((((1,(2,3)),((4,(5,6)),7)),(8,9)),(((((10,11),12),(13,14)),(15,16)),17)),(18,(19,20)));
(((((4,(5,6)),7),(8,9)),((((10,11),(12,(13,14))),(15,16)),((1,(2,3)),17))),(18,(19,20)));
((((4,(5,6)),7),((((10,11),((12,(8,9)),(13,14))),(15,16)),((1,(2,3)),17))),(18,(19,20)));
(((((4,(5,6)),7),(8,9)),((((10,11),12),(13,14)),(15,16))),((18,(19,20)),((1,(2,3)),17)));
(((((1,(2,3)),((4,(5,6)),7)),(8,9)),((((10,11),(12,(13,14))),(15,16)),17)),(18,(19,20)));
((((1,(2,3)),((4,(5,6)),7)),((((10,11),((12,(8,9)),(13,14))),(15,16)),17)),(18,(19,20)));
((((4,(5,6)),7),(((((10,11),(12,(8,9))),(13,14)),(15,16)),((1,(2,3)),17))),(18,(19,20)));
