((((1,(2,3)),((4,5),(7,(8,9)))),(((10,(11,12)),(13,6)),14)),(((15,16),17),(18,(19,20))));
((((2,3),(((4,5),1),(7,(8,9)))),14),(((15,16),17),(((10,(11,12)),(13,6)),(18,(19,20)))));
(((1,(2,3)),((4,5),(7,(8,9)))),((((15,(16,11)),17),14),(((10,12),(13,6)),(18,(19,20)))));
((3,(((4,5),1),(6,(7,(8,9))))),((17,(((10,12),13),14)),((18,(19,(20,2))),(15,(16,11)))));
(((1,3),((4,5),(6,(7,(8,9))))),((((15,16),17),14),(((10,(11,12)),13),(18,(19,(20,2))))));
(((2,3),(((4,5),1),(7,(8,9)))),((17,14),((((10,12),(13,6)),(18,(19,20))),(15,(16,11)))));
(((1,(2,3)),((4,5),(6,(7,(8,9))))),((((15,16),17),(((10,(11,12)),13),14)),(18,(19,20))));
(((3,(((4,5),1),(6,(7,(8,9))))),(((10,12),13),14)),(17,((18,(19,(20,2))),(15,(16,11)))));
(((1,3),((4,5),(7,(8,9)))),((((15,16),17),(((10,(11,12)),(13,6)),14)),(18,(19,(20,2)))));
((((1,3),((4,5),(7,(8,9)))),14),(((15,(16,11)),17),(((10,12),(13,6)),(18,(19,(20,2))))));
((((2,3),(((4,5),1),(6,(7,(8,9))))),(((10,12),13),14)),(((15,(16,11)),17),(18,(19,20))));
((((1,3),((4,5),(6,(7,(8,9))))),14),(17,((((10,12),13),(18,(19,(20,2)))),(15,(16,11)))));
((((1,3),((4,5),(7,(8,9)))),14),(17,((((10,(11,12)),(13,6)),(18,(19,(20,2)))),(15,16))));
(((2,3),(((4,5),1),(6,(7,(8,9))))),((((15,(16,11)),17),14),(((10,12),13),(18,(19,20)))));
(((2,3),(((4,5),1),(6,(7,(8,9))))),((17,14),((((10,(11,12)),13),(18,(19,20))),(15,16))));
(((2,3),(((4,5),1),(6,(7,(8,9))))),((17,(((10,(11,12)),13),14)),((18,(19,20)),(15,16))));
((((1,(2,3)),((4,5),(6,(7,(8,9))))),14),(((15,16),17),(((10,(11,12)),13),(18,(19,20)))));
((((2,3),(((4,5),1),(6,(7,(8,9))))),14),(((15,16),17),(((10,(11,12)),13),(18,(19,20)))));
(((1,3),((4,5),(6,(7,(8,9))))),((17,14),((((10,12),13),(18,(19,(20,2)))),(15,(16,11)))));
(((3,(((4,5),1),(7,(8,9)))),(((10,(11,12)),(13,6)),14)),(((15,16),17),(18,(19,(20,2)))));
