((1,(((5,6),2),7)),((((8,9),10),(11,(12,13))),(((14,15),(((4,17),18),(3,(16,19)))),20)));
((4,(5,6)),((((8,9),10),(((14,(15,16)),((17,18),(19,7))),20)),(((1,2),3),(11,(12,13)))));
((((5,6),2),7),((10,(((15,16),(18,(3,((4,17),19)))),(14,20))),(1,((11,(8,9)),(12,13)))));
((1,(((4,(5,6)),2),7)),((((8,9),10),(11,13)),((15,(18,(3,(17,(16,(19,12)))))),(14,20))));
(((5,6),2),((10,(1,((11,(8,9)),13))),(((14,(15,16)),(((4,17),18),(3,((19,7),12)))),20)));
((((5,6),2),7),((10,((1,3),((11,(8,9)),(12,13)))),(((14,15),(18,((4,17),(16,19)))),20)));
((5,6),((((8,9),10),((1,2),(11,(12,13)))),(((14,(15,16)),(((4,17),18),(3,(19,7)))),20)));
(((1,3),(((4,(5,6)),2),7)),((10,(((14,(15,16)),((17,18),(19,12))),20)),((11,(8,9)),13)));
((((4,(5,6)),2),7),((10,(1,((11,(8,9)),13))),(((15,16),(18,(3,(17,(19,12))))),(14,20))));
((1,((5,6),2)),((((8,9),10),(11,13)),(((14,(15,16)),(18,(3,((4,17),((19,7),12))))),20)));
(((4,(5,6)),2),((((8,9),10),((1,3),(11,13))),(((15,16),(18,(17,((19,7),12)))),(14,20))));
(((1,3),((5,6),2)),((10,((11,(8,9)),13)),(((15,16),(((4,17),18),((19,7),12))),(14,20))));
(((5,6),2),((((8,9),10),(((14,15),(((4,17),18),(16,(19,7)))),20)),((1,3),(11,(12,13)))));
((5,6),((((8,9),10),(((1,2),3),(11,13))),(((14,(15,16)),(18,((4,17),((19,7),12)))),20)));
((1,(((4,(5,6)),2),7)),((10,(((14,(15,16)),((17,18),(3,(19,12)))),20)),((11,(8,9)),13)));
(((1,2),((4,(5,6)),7)),((10,(((14,15),(18,(3,(17,(16,(19,12)))))),20)),((11,(8,9)),13)));
((((1,2),3),(4,(5,6))),((10,((15,(18,(17,(16,(19,7))))),(14,20))),((11,(8,9)),(12,13))));
(((4,(5,6)),2),((10,(1,((11,(8,9)),(12,13)))),(((14,(15,16)),(18,(3,(17,(19,7))))),20)));
((((1,2),3),((5,6),7)),((((8,9),10),(((14,15),(((4,17),18),(16,(19,12)))),20)),(11,13)));
((1,((5,6),2)),((10,(((14,(15,16)),(18,(3,((4,17),((19,7),12))))),20)),((11,(8,9)),13)));
