(((6,((7,8),9)),((((12,(13,14)),5),15),((1,2),(((17,(10,11)),16),(((3,4),18),19))))),20);
((((6,((7,8),9)),((12,(13,14)),15)),(((1,2),((3,4),5)),(((17,(10,11)),16),18))),(19,20));
(((((7,8),9),(((12,(13,14)),5),15)),((1,2),(((17,(10,11)),16),(((3,4),(18,6)),19)))),20);
(((((7,8),9),(10,11)),(((13,14),15),(((1,2),((3,4),5)),((17,16),((18,6),(12,19)))))),20);
((((((7,8),9),(10,11)),(((13,14),5),15)),((1,2),((17,16),((3,4),(18,6))))),((12,19),20));
(((((1,2),(3,4)),((7,8),9)),((((13,14),5),15),(((17,(10,11)),16),((18,6),(12,19))))),20);
(((6,((7,8),9)),(((13,14),15),((1,2),(((17,(10,11)),16),(((3,4),5),18))))),((12,19),20));
(((((1,2),((3,4),5)),((((7,8),9),(10,11)),((12,(13,14)),15))),((17,16),((18,6),19))),20);
((((1,2),(((7,8),9),(10,11))),((((13,14),5),15),((17,16),((3,4),(18,6))))),((12,19),20));
((((1,2),((7,8),9)),((((13,14),5),15),(((17,(10,11)),16),((3,4),(18,6))))),((12,19),20));
(((((1,2),((3,4),5)),(((7,8),9),((12,(13,14)),15))),(((17,(10,11)),16),(18,6))),(19,20));
((((7,8),9),((((12,(13,14)),5),15),(((1,2),(3,4)),(((17,(10,11)),16),(18,6))))),(19,20));
((((6,((7,8),9)),((12,(13,14)),15)),((1,2),(((17,(10,11)),16),((((3,4),5),18),19)))),20);
((((6,((7,8),9)),(((12,(13,14)),5),15)),((1,2),(((17,(10,11)),16),(((3,4),18),19)))),20);
((((1,2),(6,((7,8),9))),((((13,14),5),15),(((17,(10,11)),16),(((3,4),18),(12,19))))),20);
((((6,(((7,8),9),(10,11))),(((12,(13,14)),5),15)),(((1,2),(3,4)),((17,16),18))),(19,20));
(((((7,8),9),(10,11)),((((12,(13,14)),5),15),(((1,2),(3,4)),((17,16),((18,6),19))))),20);
(((((1,2),((3,4),5)),(((7,8),9),(10,11))),(((12,(13,14)),15),((17,16),(18,6)))),(19,20));
((((6,(((7,8),9),(10,11))),((13,14),15)),(((1,2),((3,4),5)),((17,16),(18,(12,19))))),20);
(((6,((7,8),9)),(((12,(13,14)),15),((1,2),(((17,(10,11)),16),((((3,4),5),18),19))))),20);
